1197
1215
1232
1276
1216
1219
1221
1233
1285
1221
1309
1255
1240
1233
1256
1193
1240
1179
1213
1189
1258
1186
1251
1242
1195
1221
1233
1231
1289
1238
1283
1260
1278
1217
1230
1201
1229
1240
1223
1351
1208
1218
1187
1211
1230
1222
1300
1284
1273
1153
1266
1252
1297
1307
1219
1192
1216
1235
1240
1278
1218
1271
1272
1229
1216
1301
1259
1233
1233
1240
1211
1234
1289
1216
1243
1227
1272
1221
1144
1248
1203
1279
1154
1218
1243
1221
1181
1259
1239
1238
1243
1216
1253
1259
1207
1273
1227
1280
1237
1184
1253
1246
1237
1196
1283
1273
1253
1226
1216
1248
1285
1263
1179
1297
1250
1203
1273
1241
1229
1208
1186
1248
1188
1235
1220
1304
1219
1258
1287
1185
1276
1292
1273
1253
1157
1249
1253
1175
1238
1277
1222
1168
1191
1270
1223
1223
1286
1246
1260
1265
1253
1228
1225
1247
1219
1236
1174
1237
1201
1189
1204
1241
1197
1177
1203
1201
1223
1290
1272
1275
1273
1278
1209
1284
1225
1253
1248
1233
1199
1227
1237
1165
1261
1252
1209
1287
1263
1240
1222
1257
1226
1248
1228
1244
1258
1234
1269
1259
1226
1240
1200
1179
1239
1286
1273
1259
1255
1261
1165
1235
1264
1285
1260
1244
1216
1209
1225
1197
1202
1238
1266
1202
1293
1197
1243
1235
1304
1141
1256
1217
1235
1216
1238
1274
1225
1200
1202
1234
1245
1271
1241
1217
1223
1233
1216
1241
1247
1216
1232
1205
1208
1244
1244
1279
1249
1264
1315
1254
1287
1259
1253
1251
1229
1252
1288
1223
1223
1225
1203
1193
1216
1274
1264
1207
1255
1221
1287
1192
1211
1229
1284
1252
1258
1289
1193
1289
1254
1322
1226
1216
1231
1233
1243
1259
1158
1261
1220
1213
1201
1287
1271
1228
1236
1216
1263
1238
1278
1257
1233
1266
1227
1195
1235
1163
1236
1223
1231
1284
1218
1270
1211
1291
1297
1262
1266
1243
1234
1266
1280
1188
1295
1247
1242
1236
1208
1209
1232
1297
1247
1205
1294
1261
1273
1256
1259
1193
1216
1236
1257
1230
1286
1268
1208
1278
1231
1258
1256
1316
1220
1259
1255
1270
1258
1264
1254
1294
1162
1258
1243
1263
1224
1250
1170
1209
1200
1223
1244
1217
1247
1259
1196
1228
1243
1228
1244
1217
1204
1221
1296
1235
1230
1318
1234
1272
1277
1276
1218
1283
1272
1257
1204
1230
1174
1257
1250
1223
1259
1214
1188
1246
1196
1211
1304
1239
1240
1272
1249
1212
1247
1212
1255
1204
1251
1263
1304
1262
1260
1172
1256
1202
1252
1287
1272
1258
1195
1252
1279
1309
1221
1280
1253
1313
1232
1259
1250
1241
1185
1239
1240
1211
1197
1263
1247
1270
1257
1221
1250
1207
1279
1256
1179
1206
1240
1219
1220
1207
1276
1301
1253
1240
1228
1217
1255
1238
1230
1232
1221
1262
1204
1213
1265
1213
1273
1240
1208
1229
1281
1278
1254
1264
1196
1192
1188
1285
1249
1241
1219
1216
1278
1243
1217
1231
1204
1210
1203
1236
1214
1226
1329
1199
1230
1252
1240
1256
1250
1283
1235
1272
1263
1217
1258
1304
1252
1237
1219
1234
1234
1276
1244
1254
1266
1251
1299
1275
1207
1204
1311
1227
1292
1299
1234
1199
1318
1225
1247
1245
1231
1192
1288
1231
1259
1223
1269
1257
1215
1253
1320
1323
1253
1247
1316
1276
1284
1258
1315
1381
1476
1615
1757
1933
2097
2286
2442
2583
2774
2776
2849
2883
2976
3095
3136
3121
3135
3151
3227
3176
3194
3167
3222
3092
3228
3193
3186
3158
3249
3212
3232
3214
3234
3176
3211
3133
3218
3255
3221
3108
3204
3241
3180
3283
3287
3169
3228
3151
3217
3137
3235
3126
3251
3259
3174
3273
3187
3187
3239
3244
3192
3263
3187
3209
3177
3254
3176
3064
3248
3243
3190
3233
3283
3190
3201
3155
3250
3228
3268
3231
3173
3116
3225
3197
3235
3244
3194
3234
3136
3236
3215
3298
3284
3211
3231
3286
3163
3190
3231
3232
3167
3162
3208
3276
3250
3212
3220
3225
3262
3268
3303
3248
3325
3201
3243
3204
3207
3202
3197
3214
3220
3167
3204
3296
3301
3215
3180
3143
3334
3135
3193
3211
3113
3235
3237
3074
3133
3167
3080
3009
2982
2921
2801
2683
2629
2475
2175
2153
1892
1856
1683
1568
1538
1407
1380
1336
1334
1287
1309
1286
1276
1255
1310
1271
1281
1287
1305
1239
1258
1293
1265
1268
1296
1196
1230
1276
1220
1210
1245
1279
1240
1238
1224
1266
1264
1295
1268
1262
1229
1302
1259
1255
1215
1259
1218
1260
1223
1246
1277
1251
1183
1278
1256
1289
1240
1244
1288
1256
1324
1282
1255
1271
1259
1198
1228
1237
1272
1276
1229
1203
1257
1233
1247
1182
1235
1237
1259
1245
1243
1253
1212
1289
1270
1296
1211
1256
1258
1282
1270
1214
1281
1258
1222
1233
1260
1236
1256
1259
1279
1184
1246
1263
1278
1244
1251
1297
1248
1262
1294
1209
1264
1249
1258
1238
1175
1245
1219
1204
1248
1222
1295
1281
1265
1269
1277
1247
1296
1271
1196
1208
1220
1268
1243
1307
1166
1215
1180
1225
1198
1236
1202
1288
1294
1233
1299
1200
1299
1251
1188
1290
1234
1331
1193
1218
1315
1308
1222
1221
1214
1225
1335
1253
1214
1259
1237
1254
1241
1236
1254
1186
1170
1208
1296
1225
1272
1226
1305
1234
1302
1256
1199
1279
1291
1298
1258
1236
1201
1237
1273
1218
1275
1293
1248
1190
1222
1235
1272
1264
1247
1250
1230
1219
1168
1231
1214
1227
1243
1253
1253
1329
1228
1288
1288
1243
1204
1311
1219
1274
1223
1237
1270
1206
1264
1249
1248
1215
1251
1251
1227
1331
1278
1240
1237
1307
1245
1200
1292
1266
1273
1241
1274
1220
1254
1326
1288
1239
1310
1254
1262
1278
1201
1346
1262
1235
1179
1308
1159
1230
1188
1302
1219
1185
1213
1210
1305
1223
1277
1216
1228
1240
1268
1258
1283
1229
1288
1214
1292
1211
1287
1220
1288
1257
1222
1287
1254
1275
1236
1280
1229
1278
1199
1265
1225
1244
1220
1214
1260
1235
1226
1257
1252
1193
1224
1210
1259
1264
1205
1196
1267
1244
1230
1240
1248
1221
1219
1219
1197
1194
1261
1265
1235
1232
1220
1242
1301
1266
1268
1223
1235
1246
1249
1246
1283
1220
1253
1267
1242
1272
1259
1278
1234
1195
1274
1264
1290
1235
1231
1244
1253
1245
1297
1234
1248
1260
1306
1304
1291
1243
1220
1264
1192
1264
1212
1259
1213
1250
1255
1266
1256
1240
1216
1321
1223
1252
1252
1259
1224
1228
1256
1222
1275
1283
1308
1180
1217
1213
1251
1278
1310
1228
1287
1264
1187
1243
1297
1201
1221
1254
1212
1235
1283
1270
1223
1262
1234
1227
1241
1248
1195
1199
1196
1273
1291
1258
1269
1291
1232
1268
1236
1232
1229
1338
1225
1271
1276
1265
1242
1287
1276
1223
1229
1264
1223
1240
1246
1247
1303
1197
1270
1236
1243
1242
1256
1241
1260
1235
1237
1240
1214
1262
1243
1224
1229
1263
1248
1269
1221
1253
1244
1269
1229
1293
1250
1238
1230
1254
1256
1200
1233
1278
1275
1240
1265
1261
1266
1284
1229
1195
1256
1237
1217
1247
1218
1273
