1219
1172
1255
1233
1154
1230
1211
1234
1204
1273
1184
1244
1310
1235
1231
1252
1313
1254
1261
1203
1240
1278
1216
1252
1236
1199
1176
1232
1236
1214
1217
1233
1232
1201
1236
1235
1205
1199
1216
1257
1254
1214
1200
1241
1190
1280
1221
1241
1213
1232
1284
1231
1241
1231
1295
1234
1296
1248
1168
1238
1282
1211
1268
1206
1269
1215
1250
1192
1179
1259
1218
1289
1263
1252
1225
1314
1161
1248
1218
1238
1219
1182
1189
1239
1223
1177
1208
1264
1222
1201
1243
1269
1248
1212
1221
1226
1241
1228
1264
1182
1275
1197
1283
1217
1248
1200
1246
1287
1203
1263
1212
1303
1159
1223
1269
1212
1241
1211
1234
1249
1222
1191
1213
1245
1206
1241
1231
1211
1231
1194
1234
1295
1248
1189
1225
1189
1246
1223
1274
1212
1214
1247
1196
1215
1262
1252
1295
1232
1273
1245
1218
1247
1251
1316
1200
1244
1316
1229
1231
1161
1224
1215
1191
1160
1264
1217
1258
1244
1271
1260
1204
1167
1286
1217
1244
1178
1214
1220
1193
1193
1239
1291
1251
1246
1248
1282
1222
1355
1164
1253
1226
1223
1208
1218
1252
1152
1246
1255
1263
1244
1213
1281
1230
1188
1253
1138
1206
1234
1176
1235
1228
1221
1213
1213
1272
1235
1265
1216
1240
1244
1199
1218
1169
1180
1227
1227
1271
1236
1188
1277
1234
1242
1224
1193
1254
1164
1252
1244
1263
1182
1277
1185
1239
1201
1256
1168
1186
1225
1234
1272
1201
1283
1239
1227
1209
1249
1245
1262
1216
1252
1270
1307
1268
1199
1221
1267
1191
1250
1265
1284
1228
1211
1264
1257
1236
1252
1254
1208
1326
1260
1234
1290
1223
1280
1218
1226
1204
1180
1213
1223
1208
1250
1193
1226
1200
1297
1199
1257
1206
1269
1248
1278
1222
1191
1264
1239
1196
1243
1216
1264
1232
1269
1218
1218
1252
1255
1262
1240
1249
1244
1238
1192
1157
1216
1251
1190
1224
1291
1279
1274
1269
1225
1261
1262
1256
1284
1219
1244
1197
1221
1216
1201
1189
1259
1239
1259
1234
1246
1249
1232
1260
1208
1228
1269
1234
1227
1296
1178
1272
1223
1248
1235
1222
1214
1248
1215
1207
1289
1215
1252
1212
1260
1219
1206
1252
1199
1164
1227
1235
1235
1247
1258
1244
1287
1228
1241
1216
1203
1289
1268
1213
1212
1323
1255
1264
1241
1285
1258
1273
1221
1225
1265
1247
1252
1309
1218
1292
1278
1295
1240
1219
1276
1228
1268
1228
1245
1219
1235
1212
1258
1299
1255
1153
1199
1191
1215
1254
1248
1264
1249
1275
1223
1190
1197
1245
1192
1270
1270
1231
1216
1193
1222
1235
1209
1272
1195
1219
1230
1237
1294
1227
1192
1219
1242
1248
1288
1273
1320
1177
1231
1208
1240
1208
1260
1199
1256
1210
1262
1165
1209
1170
1246
1170
1282
1244
1232
1260
1216
1287
1218
1237
1223
1280
1229
1252
1221
1213
1232
1201
1201
1224
1207
1244
1203
1275
1302
1206
1220
1267
1250
1207
1196
1245
1257
1218
1188
1243
1277
1219
1179
1204
1236
1223
1255
1237
1243
1262
1304
1271
1246
1298
1196
1276
1257
1262
1205
1228
1276
1189
1169
1222
1214
1239
1216
1298
1254
1330
1252
1255
1254
1235
1325
1300
1362
1313
1317
1297
1335
1335
1259
1380
1329
1330
1461
1339
1484
1397
1461
1426
1463
1460
1464
1531
1583
1662
1635
1705
1635
1751
1699
1908
1851
1967
1935
2027
2092
2179
2308
2323
2337
2429
2427
2521
2591
2704
2679
2763
2759
2784
2958
2916
2947
2962
3030
3049
3110
3086
3136
3106
3213
3087
3206
3105
3200
3154
3293
3211
3229
3155
3230
3298
3218
3246
3304
3350
3201
3264
3216
3303
3172
3248
3197
3196
3129
3124
3190
3219
3197
3310
3185
3211
3273
3270
3261
3279
3224
3179
3218
3180
3111
3175
3231
3218
3279
3216
3251
3239
3200
3262
3234
3182
3193
3204
3254
3273
3194
3227
3188
3319
3161
3216
3202
3177
3260
3233
3213
3205
3228
3250
3305
3228
3213
3254
3217
3163
3161
3251
3177
3112
3190
3214
3199
3260
3238
3247
3275
3220
3203
3163
3247
3184
3232
3176
3249
3132
3198
2982
3203
3148
3047
3075
2988
2999
2891
2802
2670
2573
2455
2494
2304
2242
2062
2105
1901
1884
1757
1748
1671
1607
1558
1528
1433
1382
1403
1379
1334
1255
1260
1243
1222
1232
1249
1258
1184
1239
1225
1232
1232
1254
1255
1252
1258
1263
1232
1287
1254
1244
1187
1246
1206
1233
1198
1187
1217
1235
1237
1243
1180
1220
1294
1277
1257
1261
1219
1315
1276
1181
1296
1280
1241
1257
1204
1187
1192
1230
1223
1232
1235
1192
1224
1144
1283
1224
1248
1207
1231
1250
1221
1298
1253
1246
1242
1231
1229
1315
1219
1267
1212
1263
1206
1269
1248
1247
1232
1212
1254
1280
1275
1260
1282
1201
1283
1198
1200
1232
1216
1294
1179
1214
1283
1265
1250
1278
1243
1245
1242
1222
1210
1237
1228
1273
1245
1266
1203
1260
1187
1293
1233
1222
1208
1210
1222
1250
1238
1256
1253
1219
1256
1220
1165
1221
1243
1242
1252
1224
1276
1231
1169
1215
1244
1216
1272
1206
1251
1206
1217
1233
1233
1267
1232
1261
1189
1230
1224
1217
1311
1216
1191
1205
1256
1222
1248
1196
1241
1255
1253
1177
1278
1229
1244
1212
1228
1261
1205
1241
1232
1185
1193
1227
1221
1142
1224
1281
1261
1238
1265
1288
1213
1282
1268
1278
1186
1274
1255
1233
1219
1211
1223
1250
1235
1252
1236
1264
1255
1291
1232
1241
1232
1257
1230
1188
1212
1215
1233
1230
1335
1262
1215
1288
1267
1274
1194
1272
1206
1305
1177
1214
1236
1232
1235
1274
1235
1259
1226
1273
1263
1212
1219
1314
1246
1274
1283
1243
1249
1267
1288
1256
1264
1171
1226
1300
1256
1347
1183
1262
1300
1318
1222
1210
1241
1211
1268
1243
1208
1268
1252
1197
1228
1217
1247
1285
1207
1272
1260
1263
1203
1276
1203
1187
1176
1254
1252
1230
1262
1217
1255
1264
1264
1271
1281
1196
1231
1210
1216
1198
1205
1199
1247
1236
1238
1306
1250
1254
1218
1239
1248
1220
1220
1240
1286
1312
1244
1300
1152
1189
1252
1208
1211
1277
1179
1221
1229
1260
1208
1235
1268
1229
1308
1253
1238
1209
1305
1243
1237
1212
1262
1231
1265
1247
1223
1320
1290
1180
1286
1221
1236
1282
1202
1244
1248
1263
1234
1214
1212
1254
1249
1307
1202
1280
1196
1220
1276
1211
1244
1260
1307
1191
1258
1222
1201
1177
1205
1224
1246
1202
1230
1227
1200
1191
1248
1235
1249
1213
1263
1286
1221
1278
1228
1247
1240
1198
1196
1168
1196
1286
1202
1240
1253
1248
1254
1247
1215
1248
1238
1286
1283
1275
1258
1208
1279
1223
1225
1231
1253
1196
1271
1176
1217
1203
1213
1216
1287
1288
1233
1252
1231
1238
1242
1280
1305
1295
1279
1238
1199
1237
1286
1187
1253
1262
1301
1215
1204
1234
1269
1259
1256
1239
1282
1274
1227
1232
1299
1248
1240
1299
1251
1266
1265
1216
1255
1216
1183
1230
1237
1229
1259
1209
1209
1255
1249
1206
1240
1261
1270
1238
1221
1233
1186
1278
1174
