1221
1207
1187
1240
1256
1191
1217
1225
1268
1244
1211
1182
1260
1231
1193
1232
1251
1259
1254
1230
1212
1180
1231
1195
1188
1286
1194
1253
1172
1222
1160
1229
1243
1225
1300
1243
1248
1227
1231
1256
1255
1279
1167
1246
1204
1255
1204
1176
1270
1196
1234
1203
1209
1216
1278
1268
1211
1301
1189
1252
1204
1222
1188
1220
1245
1271
1224
1206
1231
1272
1195
1198
1252
1229
1205
1278
1279
1262
1205
1226
1311
1257
1245
1208
1263
1259
1202
1184
1251
1207
1204
1208
1263
1263
1224
1246
1300
1211
1221
1255
1215
1216
1192
1237
1228
1239
1241
1288
1225
1184
1206
1222
1223
1291
1280
1224
1225
1274
1269
1189
1290
1217
1248
1268
1257
1218
1203
1167
1222
1211
1246
1234
1253
1198
1213
1199
1219
1246
1221
1214
1235
1282
1226
1243
1240
1262
1270
1284
1229
1234
1174
1222
1249
1243
1224
1190
1227
1257
1247
1196
1187
1248
1292
1234
1204
1251
1236
1234
1302
1191
1243
1251
1259
1232
1265
1241
1244
1236
1237
1180
1199
1184
1180
1246
1217
1186
1222
1260
1267
1237
1254
1242
1223
1267
1196
1199
1185
1188
1201
1203
1198
1226
1219
1186
1212
1252
1275
1219
1172
1190
1237
1253
1225
1195
1291
1215
1285
1219
1294
1230
1280
1188
1199
1287
1206
1226
1244
1242
1180
1249
1218
1216
1184
1213
1214
1284
1257
1260
1204
1253
1219
1178
1184
1163
1232
1214
1222
1204
1278
1255
1287
1270
1250
1236
1244
1228
1218
1207
1260
1223
1301
1227
1253
1281
1263
1216
1194
1216
1222
1257
1202
1280
1231
1221
1227
1173
1213
1272
1238
1197
1190
1244
1289
1238
1270
1254
1260
1184
1292
1211
1249
1182
1195
1172
1282
1248
1207
1235
1170
1240
1236
1222
1227
1208
1266
1189
1217
1235
1271
1254
1220
1255
1246
1209
1279
1299
1244
1232
1213
1275
1180
1180
1209
1235
1263
1248
1289
1221
1343
1271
1253
1274
1282
1241
1261
1238
1251
1233
1183
1267
1288
1185
1175
1225
1244
1197
1236
1240
1239
1241
1208
1254
1188
1283
1252
1270
1195
1278
1168
1191
1211
1215
1214
1226
1241
1235
1225
1237
1249
1226
1203
1244
1297
1335
1222
1289
1290
1245
1235
1247
1227
1198
1273
1314
1251
1207
1223
1274
1214
1315
1222
1248
1260
1237
1242
1264
1203
1247
1211
1177
1215
1218
1205
1243
1224
1277
1224
1204
1262
1202
1269
1267
1286
1216
1214
1247
1243
1261
1218
1244
1296
1227
1235
1158
1260
1181
1184
1184
1233
1180
1220
1253
1266
1240
1188
1275
1222
1238
1176
1250
1201
1190
1220
1255
1205
1263
1182
1281
1226
1262
1218
1225
1246
1201
1280
1260
1246
1263
1266
1274
1241
1228
1223
1286
1239
1212
1286
1244
1221
1171
1184
1221
1219
1166
1155
1284
1314
1187
1214
1223
1264
1252
1235
1225
1206
1267
1214
1223
1262
1232
1227
1200
1204
1200
1235
1235
1187
1275
1201
1239
1203
1271
1219
1200
1244
1244
1244
1289
1230
1191
1231
1289
1205
1208
1276
1139
1249
1244
1309
1208
1235
1261
1278
1233
1244
1337
1307
1308
1190
1307
1335
1295
1328
1351
1299
1376
1356
1391
1353
1363
1303
1380
1328
1387
1345
1434
1448
1510
1551
1472
1593
1525
1508
1566
1556
1571
1569
1574
1512
1599
1701
1613
1644
1699
1615
1738
1723
1826
1737
1806
1777
1872
1941
1928
1966
2047
2021
1964
2068
2165
2236
2211
2204
2276
2328
2403
2478
2464
2560
2601
2646
2687
2631
2679
2765
2759
2916
2918
2909
2791
2950
2851
2994
3033
2937
2887
3043
3021
3011
2981
3129
3101
3129
3181
3092
3193
3083
3124
3129
3144
3121
3134
3095
3173
3194
3084
3226
3065
2969
3090
3053
3195
3196
3128
3138
3056
3180
3191
3244
3215
3204
3207
3197
3075
3168
3159
3172
3108
3191
3229
3145
3179
3266
3214
3242
3164
3214
3154
3235
3193
3219
3190
3231
3171
3166
3145
3181
3016
3040
3059
3010
3131
2998
3118
3047
3010
2957
2980
3047
3039
3014
2939
2937
2932
2967
2956
2926
2839
2802
2784
2811
2655
2707
2667
2694
2582
2512
2589
2487
2579
2412
2358
2351
2208
2271
2374
2264
2188
2085
2133
1955
2112
1999
1968
1939
1980
1932
1898
1837
1766
1803
1835
1782
1696
1685
1638
1617
1600
1587
1439
1484
1559
1415
1433
1359
1391
1423
1380
1357
1427
1341
1325
1275
1371
1322
1349
1256
1297
1267
1286
1242
1259
1206
1233
1248
1292
1252
1267
1224
1286
1281
1313
1232
1215
1207
1283
1267
1278
1263
1261
1233
1305
1303
1223
1302
1241
1203
1220
1290
1188
1281
1227
1220
1244
1181
1319
1252
1219
1274
1215
1163
1222
1213
1228
1190
1222
1224
1248
1139
1254
1242
1283
1276
1221
1184
1224
1217
1204
1220
1239
1280
1250
1241
1290
1262
1232
1191
1198
1232
1224
1205
1221
1297
1239
1233
1272
1256
1240
1248
1240
1238
1257
1199
1281
1231
1232
1210
1225
1207
1246
1178
1248
1228
1229
1206
1306
1213
1303
1277
1255
1133
1264
1258
1294
1249
1190
1245
1211
1270
1187
1249
1206
1286
1253
1201
1237
1248
1198
1268
1227
1219
1257
1283
1228
1291
1215
1287
1237
1281
1170
1217
1199
1275
1229
1297
1256
1249
1285
1287
1202
1270
1197
1198
1216
1253
1216
1304
1183
1202
1199
1232
1217
1263
1173
1245
1213
1259
1248
1257
1230
1227
1254
1287
1176
1231
1284
1224
1249
1177
1243
1215
1208
1163
1284
1221
1270
1240
1260
1204
1270
1211
1301
1221
1199
1246
1259
1293
1254
1264
1255
1292
1233
1270
1260
1176
1319
1267
1257
1280
1220
1229
1272
1183
1271
1279
1229
1198
1270
1293
1229
1261
1236
1238
1176
1296
1221
1284
1212
1217
1230
1212
1211
1228
1233
1279
1227
1253
1236
1268
1267
1226
1237
1242
1295
1256
1275
1244
1225
1231
1255
1252
1252
1234
1191
1278
1199
1246
1200
1182
1217
1286
1262
1220
1226
1271
1218
1228
1264
1234
1216
1215
1243
1235
1276
1212
1273
1272
1308
1284
1290
1261
1243
1187
1283
1212
1217
1188
1292
1223
1257
1245
1187
1260
1223
1213
1222
1273
1249
1262
1247
1248
1232
1267
1241
1257
1237
1296
1208
1272
1276
1261
1230
1237
1259
1224
1190
1211
1223
1194
1262
1264
1307
1201
1271
1254
1212
1214
1285
1250
1213
1253
1230
1190
1216
1276
1266
1165
1278
1185
1235
1312
1242
1223
1262
1336
1192
1272
1222
1265
1254
1241
1237
1264
1246
1185
1176
1194
1183
1268
1186
1234
1259
1247
1196
1223
1214
1277
1259
1177
1263
1222
1279
1184
1262
1216
1278
1230
1212
1228
1267
1203
1238
1263
1256
1304
1187
1277
1231
1269
1254
1247
1237
1264
1216
1205
1254
1243
1200
1270
1229
1248
1224
1259
1230
1289
1216
1226
1266
1187
1256
1259
1233
1222
1246
1215
1280
1234
1261
1195
1244
1172
1220
1220
1218
1224
1183
1209
1239
1289
1267
1233
1216
1289
1285
1216
1218
1262
1248
1203
1236
1243
1235
1136
1200
1257
1219
1220
1184
1236
1201
1312
1259
1243
1249
1212
1219
1201
1162
1158
1211
1206
1242
1237
1196
1219
1259
1210
1220
1226
1245
1190
1214
1218
1214
1177
1241
1204
1270
1196
1299
1222
1245
1255
1233
1197
1258
1231
1239
1237
1199
1227
1228
1282
1188
1244
1164
1190
1254
1186
1205
1248
1239
1248
1244
1220
1229
1212
1226
1132
1203
1240
1270
1215
1215
1217
1262
1258
1233
1239
1246
1166
1195
1204
1225
1251
1220
1231
1222
1272
1213
1222
1268
1206
1212
1233
1231
1225
1222
1255
1255
1223
1233
1219
1222
1193
1240
1231
1177
1256
1263
1208
1222
1256
1256
1227
1262
1239
1199
1202
1299
1175
1235
1232
1203
1207
1238
1226
1208
1176
1222
1206
1260
1195
1217
1214
1198
1211
1177
1337
1230
1207
1231
1301
1214
1182
1183
1246
1299
1242
1259
1219
1231
1247
1242
1241
1250
1176
1251
1233
1208
1158
1264
1249
1254
1287
1230
1182
1244
1238
1227
1200
1227
1197
1244
1243
1215
1188
1230
1223
1257
1216
1280
1278
1262
1260
1293
1201
1174
1246
1228
1238
1202
1181
1178
1206
1175
1240
1250
1262
1194
1205
1211
1195
1129
1185
1205
1194
1268
1204
1271
1183
1232
1211
1286
1283
1230
1180
1275
1262
1251
1138
1272
1217
1250
1184
1291
1176
1270
1224
1216
1244
1231
1266
1243
1289
1287
1246
1295
1244
1245
1210
1156
1235
1234
1255
1240
1241
1231
1211
1228
1230
1231
1262
1206
1244
1276
1235
1265
1230
1235
1231
1279
1220
1268
1220
1283
1255
1213
1225
1263
1219
1180
1198
1257
1186
1247
1253
1244
1187
1224
1254
1224
1248
1278
1204
1256
1254
1227
1216
1265
1249
1209
1215
1148
1222
1230
1215
1229
1231
1216
1215
1186
1244
1263
1253
1253
1223
1190
1194
1306
1191
1240
1185
1231
1228
1296
1255
1264
1247
1262
1225
1254
1227
1255
1234
1231
1240
1183
1276
1245
1225
1251
1226
1262
1215
1220
1273
1254
1237
1193
1192
1219
1274
1207
1242
1311
1228
1264
1186
1269
1273
1240
1208
1267
1265
1248
1198
1263
1232
1250
1241
1242
1229
1223
1179
1180
1218
1284
1266
1240
1184
1262
1272
1211
1250
1223
1296
1211
1232
1199
1259
1267
1237
1277
1231
1240
1268
1219
1239
1229
1236
1170
1233
1239
1169
1239
1224
1227
1188
1242
1190
1223
1201
1202
1250
1267
1247
1205
1195
1273
1212
1232
1217
1240
1239
1216
1275
1230
1217
1254
1247
1269
1257
1277
1267
1188
1272
1220
1263
1211
1252
1231
1224
1256
1234
1234
1227
1260
1228
1262
1286
1204
1276
1229
1167
1308
1241
1248
1195
1259
1151
1297
1205
1191
1212
1207
1208
1288
1246
1201
1273
1195
1187
1220
1216
1247
1264
1259
1243
1250
1295
1232
1196
1247
1281
1172
1256
1229
1298
1232
1206
1248
1235
1283
1235
1230
1256
1255
1270
1267
1237
1251
1295
1207
1305
1315
1349
1285
1291
1299
1374
1392
1416
1411
1379
1433
1382
1536
1530
1567
1477
1584
1563
1544
1634
1548
1597
1791
1776
1580
1862
1850
1750
1836
1881
1798
1838
1971
1916
1929
2101
2043
2083
2108
2100
2145
2110
2169
2231
2406
2411
2532
2589
2478
2521
2684
2673
2631
2659
2727
2706
2775
2808
2823
2873
2879
2969
2955
2968
3019
2989
2962
3072
3062
3070
3044
3068
3088
3072
3011
3092
3140
3100
3134
3127
3158
3099
3153
3105
3056
3134
3223
3201
3219
3210
3167
3148
3175
3168
3225
3242
3172
3157
3172
3246
3179
3184
3148
3179
3144
3211
3150
3145
3103
3146
3145
3129
3207
3184
3288
3139
3192
3031
3196
3150
3124
2995
2976
3011
3096
3121
3076
3044
3121
3088
3116
3055
2974
3067
3031
3072
3015
3007
2993
3003
2898
2998
3013
3043
2910
2875
2780
2793
2734
2767
2532
2657
2447
2486
2587
2555
2450
2363
2426
2361
2432
2280
2238
2294
2136
2187
1992
1916
1930
1977
1868
1846
1781
1797
1809
1768
1710
1677
1724
1706
1710
1648
1662
1644
1625
1657
1553
1569
1583
1539
1467
1547
1534
1470
1455
1371
1406
1382
1367
1358
1521
1421
1312
1345
1351
1313
1311
1340
1329
1218
1345
1253
1280
1223
1283
1215
1257
1271
1321
1269
1324
1268
1325
1272
1258
1261
1220
1236
1249
1257
1272
1235
1200
1276
1258
1272
1197
1270
1230
1245
1260
1203
1285
1227
1276
1260
1243
1216
1273
1190
1245
1191
1230
1200
1222
1269
1230
1251
1210
1208
1247
1217
1255
1217
1265
1223
1201
1256
1218
1210
1177
1299
1249
1231
1221
1192
1183
1243
1194
1252
1189
1226
1242
1236
1308
1250
1334
1177
1241
1191
1265
1225
1266
1143
1291
1203
1275
1258
1264
1198
1236
1204
1192
1162
1270
1216
1308
1225
1225
1238
1276
1285
1149
1222
1197
1297
1232
1232
1240
1267
1186
1187
1225
1277
1265
1233
1232
1154
1228
1218
1252
1199
1201
1221
1257
1240
1271
1217
1284
1189
1250
1246
1192
1222
1269
1227
1199
1219
1248
1237
1221
1208
1241
1258
1239
1223
1279
1283
1268
1224
1180
1235
1288
1233
1255
1228
1226
1240
1191
1197
1193
1267
1287
1199
1283
1222
1250
1198
1205
1196
1261
1253
1238
1220
1250
1203
1261
1201
1227
1235
1287
1200
1179
1208
1247
1236
1251
1282
1238
1265
1235
1213
1253
1254
1230
1211
1223
1233
1248
1257
1253
1264
1200
1230
1202
1209
1247
1235
1203
1271
1164
1203
1249
1212
1209
1183
1261
1235
1237
1223
1266
1263
1265
1248
1208
1290
1249
1199
1246
1251
1231
1156
1247
1196
1228
1223
1209
1192
1257
1250
1258
1264
1229
1253
1257
1226
1212
1244
1265
1261
1232
1250
1244
1211
1248
1206
1292
1245
1227
1232
1253
1214
1196
1203
1198
1257
1251
1209
1252
1190
1320
1221
1251
1207
1262
1185
1225
1238
1252
1238
1300
1279
1242
1287
1267
1212
1272
1263
1267
1164
1231
1275
1222
1219
1221
1212
1239
1232
1231
1295
1295
1223
1264
1204
1263
1245
1230
1187
1196
1236
1196
1117
1240
1251
1250
1194
1231
1252
1188
1260
1263
1266
1200
1212
1182
1267
1252
1196
1228
1228
1261
1275
1195
1240
1246
1217
1198
1234
1315
1278
1248
1225
1233
1246
1241
1220
1262
1183
1241
1196
1251
1220
1250
1236
1228
1235
1222
1222
1236
1204
1190
1185
1227
1256
1198
1275
1228
1228
1214
1221
1191
1257
1232
1236
1201
1205
1264
1249
1241
1264
1176
1190
1261
1202
1214
1224
1259
1244
1206
1286
1304
1263
1286
1224
1247
1156
1264
1163
1252
1257
1204
1196
1226
1182
1201
1208
1225
1192
1206
1210
1167
1224
1190
1219
1174
1250
1251
1235
1198
1201
1287
1208
1257
1199
1263
1231
1243
1233
1201
1256
1209
1249
1253
1288
1220
1183
1194
1264
1254
1235
1276
1182
1243
1214
1290
1257
1253
1229
1254
1252
1301
1243
1231
1267
1228
1249
1284
1254
1249
1233
1191
1261
1239
1237
1245
1217
1163
1261
1222
1217
1262
1168
1218
1183
1271
1236
1239
1215
1249
1200
1282
1270
1287
1276
1225
1276
1300
1192
1266
1256
1232
1230
1248
1207
1207
1248
1177
1235
1252
1228
1213
1229
1267
1165
1210
1246
1218
1219
1222
1231
1227
1190
1240
1179
1232
