1260
1251
1205
1212
1220
1194
1252
1198
1192
1291
1270
1236
1188
1244
1247
1267
1239
1235
1176
1234
1213
1249
1249
1283
1266
1267
1248
1272
1258
1250
1207
1215
1296
1255
1184
1266
1206
1207
1201
1237
1211
1224
1263
1229
1206
1251
1284
1220
1231
1224
1193
1226
1258
1241
1187
1279
1204
1244
1255
1244
1241
1221
1160
1282
1185
1326
1177
1231
1295
1215
1228
1268
1227
1245
1218
1184
1224
1209
1224
1212
1224
1208
1223
1251
1255
1197
1244
1252
1200
1199
1251
1271
1275
1151
1191
1247
1271
1315
1202
1243
1264
1224
1238
1224
1230
1271
1159
1193
1254
1271
1238
1232
1225
1238
1180
1220
1231
1241
1231
1194
1194
1167
1188
1204
1233
1224
1276
1185
1231
1267
1214
1263
1267
1295
1250
1223
1264
1219
1240
1210
1244
1255
1201
1195
1233
1278
1256
1302
1199
1245
1291
1261
1215
1246
1219
1257
1232
1207
1237
1167
1267
1248
1230
1232
1216
1192
1270
1168
1235
1254
1208
1217
1220
1218
1177
1231
1276
1264
1235
1219
1284
1280
1226
1202
1199
1257
1224
1249
1191
1245
1254
1244
1233
1264
1277
1228
1211
1244
1204
1249
1232
1255
1183
1262
1265
1257
1231
1191
1292
1186
1276
1241
1283
1246
1274
1239
1247
1214
1281
1258
1159
1287
1280
1151
1235
1202
1233
1243
1272
1245
1160
1203
1238
1277
1201
1193
1221
1226
1226
1288
1229
1289
1213
1225
1242
1251
1229
1189
1208
1218
1233
1218
1266
1258
1263
1262
1223
1297
1244
1220
1204
1227
1238
1250
1251
1218
1185
1231
1300
1264
1262
1270
1191
1265
1204
1229
1219
1231
1162
1271
1226
1222
1233
1245
1233
1232
1226
1234
1327
1260
1270
1214
1235
1254
1194
1232
1238
1262
1255
1212
1219
1192
1278
1206
1212
1221
1287
1241
1246
1251
1248
1261
1252
1243
1234
1243
1217
1246
1221
1231
1171
1248
1243
1252
1187
1234
1259
1247
1223
1228
1237
1192
1299
1241
1272
1224
1264
1274
1183
1148
1242
1295
1207
1145
1255
1249
1216
1178
1187
1268
1287
1211
1188
1230
1269
1226
1217
1289
1217
1225
1205
1252
1176
1201
1248
1233
1233
1274
1241
1211
1271
1251
1274
1255
1244
1220
1249
1250
1219
1208
1237
1244
1238
1232
1259
1217
1247
1264
1262
1233
1180
1277
1228
1228
1189
1262
1210
1268
1267
1263
1297
1259
1176
1247
1221
1208
1228
1259
1227
1300
1240
1267
1249
1170
1232
1209
1231
1225
1215
1218
1304
1233
1209
1243
1196
1226
1228
1215
1272
1252
1204
1220
1222
1222
1209
1302
1249
1222
1213
1253
1264
1202
1206
1290
1204
1309
1139
1200
1217
1220
1231
1294
1249
1258
1216
1228
1268
1218
1281
1271
1273
1220
1148
1192
1236
1156
1283
1190
1254
1197
1244
1212
1233
1195
1228
1262
1193
1173
1276
1214
1239
1266
1219
1277
1255
1279
1251
1281
1293
1244
1295
1222
1292
1285
1237
1242
1294
1276
1250
1231
1239
1294
1237
1221
1251
1278
1271
1354
1255
1320
1331
1346
1280
1270
1283
1304
1259
1334
1247
1272
1271
1280
1334
1356
1267
1325
1305
1360
1292
1311
1396
1351
1346
1351
1350
1331
1469
1465
1383
1469
1496
1398
1460
1502
1478
1532
1454
1539
1504
1455
1582
1607
1492
1609
1683
1672
1592
1601
1612
1643
1730
1663
1692
1694
1824
1749
1761
1811
1756
1891
1912
1905
1909
2010
2070
2023
2058
2009
2092
2066
2147
2200
2116
2179
2219
2134
2380
2288
2339
2254
2292
2332
2393
2483
2376
2378
2529
2370
2535
2556
2591
2642
2602
2561
2604
2573
2695
2699
2671
2770
2689
2817
2643
2672
2822
2763
2780
2786
2809
2926
2880
2877
2916
2847
2943
2893
2971
2947
2920
2792
2926
2924
2923
3011
2912
2919
2919
2941
2905
2996
2934
2997
2905
2953
2987
3056
2880
2918
2783
2936
2889
3025
2918
2992
2819
2864
2804
2863
2797
2851
2872
2790
2853
2734
2850
2707
2778
2743
2781
2834
2844
2759
2688
2691
2633
2611
2527
2598
2498
2619
2436
2451
2528
2556
2391
2432
2410
2336
2406
2262
2241
2177
2180
2245
2173
2168
2081
2070
2199
2137
2131
2041
2156
2023
2043
1997
2067
1902
2000
1880
1910
1824
1840
1815
1792
1708
1666
1831
1863
1799
1793
1736
1751
1689
1675
1697
1650
1614
1572
1562
1507
1547
1557
1464
1440
1506
1526
1433
1490
1558
1447
1429
1355
1414
1444
1424
1475
1460
1336
1439
1383
1309
1286
1360
1269
1308
1316
1347
1295
1314
1260
1259
1330
1274
1231
1294
1211
1344
1263
1269
1269
1232
1285
1295
1299
1262
1286
1221
1291
1273
1286
1288
1243
1303
1198
1185
1240
1270
1323
1177
1201
1264
1279
1279
1246
1269
1235
1257
1305
1267
1243
1212
1214
1309
1197
1272
1288
1228
1200
1228
1210
1244
1279
1234
1241
1215
1296
1172
1213
1270
1270
1270
1192
1201
1200
1178
1233
1246
1227
1258
1236
1308
1257
1192
1244
1264
1207
1230
1215
1250
1219
1231
1220
1241
1208
1225
1255
1214
1238
1253
1215
1209
1229
1251
1243
1195
1292
1209
1244
1262
1296
1239
1233
1167
1276
1296
1219
1205
1242
1214
1206
1223
1248
1278
1231
1224
1229
1231
1260
1227
1230
1254
1225
1271
1267
1250
1221
1208
1255
1218
1277
1200
1172
1233
1212
1269
1266
1208
1187
1225
1256
1248
1260
1240
1281
1229
1277
1238
1203
1237
1222
1236
1181
1249
1247
1223
1266
1185
1242
1241
1252
1262
1249
1285
1232
1204
1231
1226
1247
1224
1230
1252
1247
1257
1222
1272
1215
1244
1223
1209
1249
1276
1260
1279
1292
1249
1197
1179
1195
1204
1261
1232
1240
1207
1235
1249
1277
1238
1256
1228
1288
1261
1287
1291
1183
1259
1192
1201
1282
1192
1205
1228
1227
1185
1223
1256
1218
1247
1265
1219
1250
1246
1239
1244
1272
1236
1298
1246
1283
1240
1255
1230
1224
1257
1187
1231
1267
1274
1283
1236
1259
1215
1231
1279
1183
1295
1227
1234
1265
1197
1264
1248
1219
1232
1219
1257
1204
1232
1261
1179
1221
1271
1200
1220
1314
1239
1255
1223
1286
1247
1243
1197
1262
1271
1295
1213
1193
1246
1182
1251
1230
1201
1220
1276
1247
1216
1253
1208
1195
1270
1212
1235
1220
1201
1241
1218
1248
1193
1299
1271
1270
1233
1175
1287
1250
1211
1212
1196
1169
1227
1200
1226
1216
1248
1219
1269
1199
1211
1251
1251
1218
1202
1276
1224
1252
1221
1210
1279
1251
1212
1190
1275
1321
1278
1198
1220
1246
1252
1213
1258
1251
1295
1227
1219
1285
1247
1219
1267
1242
1240
1189
1205
1267
1194
1257
1261
1227
1304
1231
1200
1245
1216
1251
1253
1263
1231
1214
1245
1264
1200
1243
1240
1309
1262
1235
1212
1251
1217
1215
1247
1256
1256
1211
1198
1194
1236
1260
1197
1149
1230
1240
1230
1245
1265
1252
1272
1242
1274
1192
1198
1246
1230
1288
1189
1209
1222
1262
1200
1239
1196
1188
1254
1222
1247
1235
1248
1238
1210
1214
1223
1294
1232
1220
1246
1222
1240
1252
1162
1226
1260
1231
1232
1300
1243
1258
1242
1254
1236
1222
1193
