1147
1204
1228
1211
1207
1206
1226
1205
1241
1227
1231
1251
1292
1213
1247
1217
1274
1184
1228
1198
1233
1213
1199
1210
1172
1256
1186
1183
1302
1243
1249
1203
1249
1246
1203
1223
1193
1220
1218
1201
1292
1217
1206
1236
1214
1236
1180
1233
1276
1207
1188
1226
1207
1217
1208
1209
1180
1226
1253
1227
1307
1231
1208
1267
1268
1175
1191
1244
1244
1216
1236
1230
1231
1248
1226
1251
1217
1235
1146
1239
1232
1212
1190
1251
1212
1186
1240
1261
1203
1213
1271
1235
1220
1196
1190
1222
1196
1286
1231
1209
1278
1228
1244
1225
1240
1249
1242
1203
1229
1205
1188
1197
1199
1239
1215
1250
1232
1215
1215
1216
1254
1180
1175
1245
1267
1244
1231
1243
1266
1249
1257
1264
1212
1279
1230
1251
1250
1272
1268
1254
1187
1235
1250
1238
1226
1285
1229
1244
1177
1144
1292
1258
1246
1238
1190
1261
1171
1241
1243
1247
1215
1212
1260
1276
1220
1262
1193
1280
1207
1236
1210
1176
1250
1272
1283
1243
1246
1190
1263
1228
1248
1253
1258
1164
1215
1210
1278
1273
1271
1278
1308
1232
1220
1232
1216
1201
1237
1243
1193
1269
1269
1279
1212
1255
1209
1246
1195
1230
1218
1189
1198
1172
1232
1263
1241
1216
1302
1247
1235
1191
1248
1243
1204
1233
1187
1213
1275
1243
1255
1193
1246
1244
1259
1236
1259
1243
1284
1268
1270
1276
1180
1217
1249
1241
1231
1243
1225
1297
1167
1244
1272
1223
1180
1250
1190
1230
1265
1272
1266
1191
1279
1275
1221
1230
1290
1180
1215
1192
1222
1234
1185
1198
1200
1211
1265
1197
1201
1227
1234
1233
1255
1259
1180
1267
1213
1203
1261
1191
1218
1281
1218
1248
1243
1228
1179
1246
1257
1288
1205
1248
1188
1326
1236
1219
1267
1261
1270
1256
1259
1203
1281
1226
1240
1291
1137
1273
1265
1160
1252
1201
1183
1183
1269
1244
1224
1264
1244
1245
1262
1287
1206
1233
1276
1216
1200
1232
1223
1204
1207
1206
1241
1238
1203
1231
1241
1247
1234
1215
1241
1225
1281
1236
1176
1196
1237
1208
1200
1277
1230
1276
1244
1289
1186
1243
1248
1254
1268
1240
1169
1201
1198
1212
1213
1272
1180
1248
1191
1231
1183
1212
1254
1248
1218
1211
1231
1258
1213
1214
1223
1152
1219
1207
1202
1259
1230
1165
1204
1188
1220
1240
1289
1250
1236
1243
1220
1204
1226
1296
1190
1256
1201
1247
1290
1204
1208
1232
1151
1251
1236
1279
1236
1220
1299
1281
1254
1255
1237
1208
1221
1241
1301
1289
1252
1238
1196
1276
1255
1253
1280
1239
1262
1239
1262
1260
1144
1309
1285
1307
1294
1315
1222
1297
1304
1337
1245
1255
1260
1225
1236
1278
1324
1275
1272
1198
1230
1261
1311
1237
1277
1228
1299
1210
1303
1302
1251
1260
1329
1263
1283
1297
1258
1312
1342
1277
1280
1360
1341
1411
1308
1344
1313
1310
1339
1294
1360
1360
1331
1347
1344
1332
1392
1375
1362
1371
1467
1386
1418
1404
1379
1263
1414
1389
1402
1336
1416
1360
1398
1346
1349
1372
1443
1431
1374
1463
1477
1501
1378
1450
1521
1454
1497
1487
1497
1412
1477
1545
1523
1561
1561
1477
1518
1521
1609
1568
1583
1571
1513
1676
1651
1671
1583
1699
1683
1656
1683
1694
1612
1641
1764
1639
1574
1706
1637
1609
1672
1721
1903
1726
1920
1734
1832
1881
1955
1941
2050
2047
1896
1986
1992
1979
1936
2021
2008
1967
2066
1960
1964
2073
1960
2083
2181
2160
2111
2098
2263
2253
2260
2160
2158
2235
2232
2201
2144
2283
2257
2313
2174
2307
2297
2137
2225
2305
2327
2321
2315
2194
2422
2362
2404
2360
2356
2415
2299
2082
2392
2323
2396
2305
2349
2359
2391
2340
2247
2275
2243
2291
2254
2409
2224
2329
2332
2318
2299
2341
2262
2334
2356
2234
2204
2193
2204
2225
2223
2085
2127
2152
2179
2200
2152
2128
2116
2096
2132
2092
2060
2092
2015
2019
2126
2029
2100
2081
2067
1942
2055
2028
1964
1990
1999
2066
1978
2041
1977
2032
2010
2022
1910
1867
1863
1926
1894
1897
1918
2069
1920
1875
1938
1888
1769
1797
1883
1880
1826
1718
1820
1800
1662
1659
1767
1756
1654
1612
1644
1653
1665
1652
1713
1625
1698
1518
1655
1695
1660
1633
1597
1588
1462
1574
1545
1608
1549
1502
1414
1491
1478
1463
1583
1543
1473
1543
1533
1479
1556
1442
1477
1419
1497
1559
1497
1427
1439
1429
1420
1403
1449
1433
1421
1337
1394
1369
1388
1391
1364
1404
1362
1378
1377
1401
1336
1334
1285
1309
1302
1366
1308
1304
1289
1281
1319
1341
1360
1315
1345
1280
1314
1208
1257
1264
1324
1281
1273
1280
1315
1319
1269
1267
1315
1298
1344
1308
1371
1304
1329
1292
1308
1361
1299
1340
1239
1240
1237
1239
1248
1236
1269
1280
1267
1295
1203
1232
1280
1251
1338
1272
1256
1299
1347
1197
1305
1276
1249
1187
1232
1239
1216
1244
1317
1258
1281
1320
1246
1272
1240
1295
1195
1234
1208
1208
1256
1209
1231
1223
1259
1273
1228
1257
1240
1204
1241
1197
1314
1214
1250
1204
1222
1201
1274
1222
1238
1224
1259
1230
1238
1194
1255
1227
1277
1281
1206
1208
1255
1184
1243
1261
1244
1238
1208
1235
1257
1212
1234
1321
1212
1277
1219
1245
1250
1224
1245
1218
1252
1227
1271
1259
1255
1233
1252
1203
1259
1202
1272
1233
1216
1265
1203
1228
1231
1230
1200
1226
1245
1255
1203
1250
1234
1224
1187
1251
1210
1257
1231
1238
1223
1239
1276
1235
1225
1197
1305
1273
1258
1245
1283
1253
1245
1186
1257
1237
1213
1186
1238
1211
1276
1271
1266
1262
1232
1267
1240
1311
1228
1216
1243
1266
1222
1221
1216
1235
1237
1215
1257
1262
1211
1251
1245
1199
1293
1227
1306
1243
1255
1183
1247
1220
1236
1270
1198
1258
1239
1195
1224
1236
1294
1297
1209
1232
1253
1297
1180
1244
1284
1219
1248
1244
1260
1254
1195
1309
1197
1278
1232
1268
1175
1228
1166
1280
1264
1224
1248
1286
1228
1234
1259
1222
1263
1191
1201
1239
1287
1221
1241
1206
1231
1303
1252
1209
1262
1283
1215
1219
1198
1227
1212
1222
1198
1253
1218
1246
1249
1240
1297
1191
1215
1175
1223
1230
1264
1267
1216
1231
1289
1276
1231
1224
1238
1259
1242
1225
1222
1244
1200
1241
1273
1198
1254
1188
1306
1176
1209
1246
1280
1180
1227
1184
1215
1223
1233
1273
1257
1248
1228
1166
1270
1204
1237
1253
1297
1188
1213
1269
1241
1275
1273
1317
1240
1210
1185
1236
1214
1237
1242
1230
1192
1232
1219
1219
1192
1274
1302
1220
1263
1210
1196
1213
1256
1246
1235
1288
1250
1196
1212
1242
1187
1205
1178
1186
1222
1219
1212
1235
1230
1250
1241
1203
1228
1247
1217
1264
1320
1240
1171
1183
1285
1202
1197
1213
1214
1244
1215
1213
1255
1261
1214
1224
1235
1248
1210
1245
1252
1166
1197
1231
1220
1228
1243
1183
1253
1187
1247
1238
1207
1217
1246
1227
1248
1270
1262
1200
1274
1244
1286
1208
1224
1203
1267
1235
1245
1207
1214
1244
