1276
1186
1193
1241
1209
1218
1223
1167
1238
1216
1268
1179
1234
1193
1274
1177
1199
1217
1235
1264
1269
1225
1225
1267
1220
1124
1224
1220
1196
1162
1209
1255
1180
1240
1156
1261
1234
1196
1210
1213
1187
1202
1211
1203
1226
1222
1211
1173
1181
1212
1185
1225
1180
1237
1232
1244
1253
1190
1241
1193
1156
1214
1185
1197
1171
1248
1208
1243
1225
1189
1224
1226
1228
1221
1166
1207
1177
1208
1139
1233
1266
1215
1200
1251
1209
1185
1215
1211
1193
1195
1241
1225
1284
1238
1255
1218
1210
1219
1232
1253
1224
1227
1165
1217
1208
1219
1272
1245
1204
1198
1204
1241
1160
1216
1216
1156
1235
1231
1201
1179
1208
1220
1203
1275
1282
1266
1247
1220
1216
1221
1197
1197
1228
1262
1248
1215
1207
1228
1197
1225
1193
1192
1238
1219
1175
1192
1197
1184
1270
1217
1218
1195
1230
1224
1209
1204
1259
1177
1223
1159
1167
1210
1158
1231
1248
1207
1213
1212
1170
1254
1201
1226
1184
1224
1173
1170
1211
1228
1231
1224
1231
1216
1227
1171
1233
1161
1175
1211
1233
1232
1191
1241
1224
1251
1254
1294
1225
1198
1219
1250
1202
1172
1162
1215
1269
1233
1221
1231
1223
1280
1198
1200
1196
1194
1245
1202
1196
1176
1174
1201
1233
1222
1230
1211
1166
1199
1219
1234
1268
1212
1157
1234
1226
1254
1198
1188
1241
1265
1162
1188
1188
1189
1210
1231
1187
1207
1179
1209
1191
1232
1223
1213
1235
1230
1228
1209
1231
1157
1155
1226
1296
1206
1223
1218
1240
1255
1208
1238
1211
1175
1203
1181
1248
1218
1234
1189
1194
1197
1163
1230
1218
1326
1263
1260
1205
1221
1243
1253
1203
1195
1192
1229
1233
1274
1331
1191
1244
1238
1149
1255
1207
1225
1261
1289
1250
1231
1236
1230
1331
1176
1238
1262
1242
1225
1210
1216
1231
1214
1256
1282
1222
1231
1207
1218
1289
1212
1222
1198
1272
1265
1228
1218
1235
1204
1247
1225
1188
1239
1209
1242
1256
1243
1202
1214
1238
1269
1203
1242
1223
1216
1209
1255
1257
1207
1214
1248
1222
1267
1297
1232
1244
1262
1286
1248
1245
1211
1209
1199
1257
1224
1240
1232
1238
1246
1229
1207
1262
1227
1196
1297
1223
1241
1254
1212
1225
1250
1268
1311
1260
1238
1265
1195
1238
1229
1234
1262
1220
1281
1258
1254
1254
1274
1254
1222
1254
1247
1281
1220
1260
1255
1244
1222
1273
1249
1232
1258
1196
1246
1267
1272
1270
1273
1188
1201
1245
1287
1268
1262
1280
1318
1276
1335
1319
1305
1226
1246
1243
1257
1271
1305
1243
1255
1305
1356
1358
1236
1274
1285
1266
1292
1375
1319
1312
1259
1260
1322
1238
1355
1372
1339
1347
1339
1340
1303
1273
1358
1347
1276
1294
1356
1305
1299
1270
1321
1262
1351
1350
1368
1336
1380
1420
1405
1428
1436
1396
1358
1390
1390
1460
1422
1392
1370
1416
1397
1430
1384
1376
1343
1387
1439
1403
1409
1422
1487
1430
1478
1409
1452
1433
1407
1433
1532
1509
1508
1434
1558
1391
1447
1505
1527
1503
1473
1508
1476
1507
1498
1482
1522
1628
1614
1628
1552
1552
1528
1574
1539
1603
1510
1615
1552
1601
1487
1529
1633
1596
1529
1671
1593
1724
1700
1712
1649
1603
1568
1598
1679
1490
1603
1555
1688
1618
1648
1576
1568
1598
1608
1676
1712
1652
1609
1699
1668
1650
1651
1663
1611
1632
1652
1664
1764
1746
1649
1642
1673
1678
1633
1712
1672
1695
1739
1705
1809
1779
1757
1723
1728
1695
1646
1676
1717
1710
1695
1684
1761
1692
1694
1664
1771
1678
1702
1706
1678
1724
1660
1699
1745
1705
1740
1720
1707
1677
1663
1713
1746
1749
1719
1779
1771
1747
1795
1708
1767
1710
1776
1779
1824
1831
1814
1712
1742
1703
1747
1807
1666
1663
1725
1672
1657
1710
1776
1660
1713
1772
1657
1702
1774
1771
1648
1766
1660
1682
1683
1774
1784
1707
1714
1652
1645
1649
1679
1559
1668
1671
1615
1580
1696
1649
1668
1603
1671
1570
1628
1620
1697
1696
1660
1548
1580
1585
1669
1643
1600
1580
1707
1668
1646
1689
1703
1677
1687
1688
1668
1611
1629
1526
1575
1639
1557
1603
1526
1587
1510
1554
1535
1483
1618
1519
1576
1570
1588
1500
1552
1516
1467
1527
1531
1478
1541
1515
1454
1426
1457
1452
1377
1361
1460
1377
1421
1440
1432
1456
1456
1521
1456
1468
1499
1432
1464
1432
1383
1420
1405
1426
1435
1443
1385
1399
1391
1351
1400
1388
1434
1402
1369
1410
1324
1357
1339
1346
1449
1392
1445
1310
1385
1388
1383
1365
1423
1433
1428
1353
1319
1315
1337
1370
1379
1448
1408
1347
1364
1384
1361
1430
1348
1338
1297
1399
1327
1298
1374
1328
1410
1350
1404
1336
1414
1326
1372
1312
1332
1264
1371
1320
1281
1314
1305
1255
1314
1296
1284
1245
1283
1219
1272
1196
1267
1282
1265
1263
1249
1241
1385
1300
1255
1279
1340
1343
1254
1264
1208
1271
1292
1199
1253
1295
1262
1277
1271
1304
1254
1275
1256
1255
1293
1308
1264
1271
1242
1286
1333
1169
1293
1248
1327
1265
1311
1235
1260
1289
1244
1230
1250
1245
1247
1257
1275
1250
1241
1318
1245
1266
1244
1260
1244
1278
1212
1225
1258
1213
1161
1193
1203
1214
1228
1176
1213
1251
1249
1167
1237
1191
1247
1218
1264
1279
1285
1200
1243
1208
1208
1209
1231
1230
1263
1198
1261
1270
1223
1253
1253
1239
1213
1253
1256
1233
1244
1251
1230
1210
1271
1215
1209
1241
1214
1242
1235
1202
1193
1194
1250
1230
1305
1260
1297
1202
1220
1177
1266
1194
1170
1248
1223
1210
1216
1324
1218
1284
1249
1231
1228
1211
1228
1214
1207
1263
1225
1212
1225
1171
1267
1235
1202
1218
1243
1204
1250
1214
1161
1248
1206
1190
1240
1241
1253
1280
1278
1156
1261
1230
1264
1215
1228
1197
1216
1224
1268
1222
1219
1277
1176
1219
1180
1199
1240
1254
1251
1209
1233
1293
1254
1279
1254
1272
1223
1209
1289
1194
1205
1176
1240
1207
1210
1266
1227
1197
1180
1264
1211
1242
1264
1240
1208
1255
1256
1249
1185
1245
1232
1242
1218
1183
1246
1238
1241
1200
1223
1219
1225
1233
1252
1203
1227
1249
1227
1295
1235
1218
1266
1224
1236
1263
1258
1258
1264
1230
1234
1236
1187
1227
1180
1203
1223
1232
1260
1304
1228
1261
1196
1187
1187
1227
1172
1176
1239
1289
1175
1198
1233
1216
1229
1199
1180
1220
1227
1217
1255
1190
1252
1212
1238
1188
1178
1183
1260
1195
1269
1187
1207
1213
1233
1208
1247
1208
1217
1217
1158
1223
1124
1221
1260
1211
1205
1242
1221
1207
1183
1247
1245
1322
1255
1221
1220
1258
1242
1319
1212
1180
1194
1244
1267
1151
1198
1201
1220
1255
1196
1227
1223
1301
1281
1283
1194
1268
1209
1238
1221
1255
1183
1178
1254
1260
1260
1212
1215
1280
1230
1263
1234
1221
1219
1267
1223
1201
1254
1234
1258
1251
1209
1198
1260
1243
1227
1194
1164
1195
1262
1267
1209
1223
1179
1203
1183
1240
1241
1225
1214
1256
1178
1266
1241
