2805
2805
2805
2805
2801
2801
2801
2801
2801
2801
2824
2824
2824
2824
2824
2794
2794
2794
2794
2794
2763
2763
2763
2763
2763
2763
2858
2858
2858
2858
2858
2802
2802
2802
2802
2802
2807
2807
2807
2807
2807
2807
2814
2814
2814
2814
2814
2818
2818
2818
2818
2818
2775
2775
2775
2775
2775
2775
2806
2806
2806
2806
2806
2763
2763
2763
2763
2763
2783
2783
2783
2783
2783
2783
2805
2805
2805
2805
2805
2793
2793
2793
2793
2793
2839
2839
2839
2839
2839
2839
2804
2804
2804
2804
2804
2832
2832
2832
2832
2832
2828
2828
2828
2828
2828
2828
2796
2796
2796
2796
2796
2792
2792
2792
2792
2792
2807
2807
2807
2807
2807
2807
2757
2757
2757
2757
2757
2801
2801
2801
2801
2801
2816
2816
2816
2816
2816
2816
2809
2809
2809
2809
2809
2805
2805
2805
2805
2805
2824
2824
2824
2824
2824
2824
2789
2789
2789
2789
2789
2791
2791
2791
2791
2791
2845
2845
2845
2845
2845
2845
2803
2803
2803
2803
2803
2806
2806
2806
2806
2806
2800
2800
2800
2800
2800
2800
2811
2811
2811
2811
2811
2810
2810
2810
2810
2810
2830
2830
2830
2830
2830
2830
2829
2829
2829
2829
2829
2819
2819
2819
2819
2819
2798
2798
2798
2798
2798
2798
2839
2839
2839
2839
2839
2816
2816
2816
2816
2816
2801
2801
2801
2801
2801
2801
2837
2837
2837
2837
2837
2792
2792
2792
2792
2792
2829
2829
2829
2829
2829
2829
2801
2801
2801
2801
2801
2794
2794
2794
2794
2794
2799
2799
2799
2799
2799
2799
2822
2822
2822
2822
2822
2811
2811
2811
2811
2811
2809
2809
2809
2809
2809
2809
2809
2809
2809
2809
2809
2844
2844
2844
2844
2844
2822
2822
2822
2822
2822
2822
2780
2780
2780
2780
2780
2768
2768
2768
2768
2768
2840
2840
2840
2840
2840
2840
2760
2760
2760
2760
2760
2838
2838
2838
2838
2838
2839
2839
2839
2839
2839
2839
2798
2798
2798
2798
2798
2833
2833
2833
2833
2833
2820
2820
2820
2820
2820
2820
2797
2797
2797
2797
2797
2811
2811
2811
2811
2811
2806
2806
2806
2806
2806
2806
2768
2768
2768
2768
2768
2785
2785
2785
2785
2785
2786
2786
2786
2786
2786
2786
2831
2831
2831
2831
2831
2831
2831
2831
2831
2831
2802
2802
2802
2802
2802
2802
2818
2818
2818
2818
2818
2806
2806
2806
2806
2806
2799
2799
2799
2799
2799
2799
2812
2812
2812
2812
2812
2826
2826
2826
2826
2826
2821
2821
2821
2821
2821
2821
2841
2841
2841
2841
2841
2817
2817
2817
2817
2817
2788
2788
2788
2788
2788
2788
2826
2826
2826
2826
2826
2760
2760
2760
2760
2760
2810
2810
2810
2810
2810
2810
2788
2788
2788
2788
2788
2783
2783
2783
2783
2783
2813
2813
2813
2813
2813
2813
2808
2808
2808
2808
2808
2772
2772
2772
2772
2772
2790
2790
2790
2790
2790
2790
2794
2794
2794
2794
2794
2781
2781
2781
2781
2781
2790
2790
2790
2790
2790
2790
2790
2790
2790
2790
2790
2759
2759
2759
2759
2759
2781
2781
2781
2781
2781
2781
2814
2814
2814
2814
2814
2821
2821
2821
2821
2821
2794
2794
2794
2794
2794
2794
2822
2822
2822
2822
2822
2793
2793
2793
2793
2793
2807
2807
2807
2807
2807
2807
2765
2765
2765
2765
2765
2805
2805
2805
2805
2805
2791
2791
2791
2791
2791
2791
2812
2812
2812
2812
2812
2790
2790
2790
2790
2790
2783
2783
2783
2783
2783
2783
2813
2813
2813
2813
2813
2802
2802
2802
2802
2802
2829
2829
2829
2829
2829
2829
2790
2790
2790
2790
2790
2812
2812
2812
2812
2812
2816
2816
2816
2816
2816
2816
2826
2826
2826
2826
2826
2787
2787
2787
2787
2787
2769
2769
2769
2769
2769
2769
2834
2834
2834
2834
2834
2817
2817
2817
2817
2817
2810
2810
2810
2810
2810
2810
2829
2829
2829
2829
2829
2809
2809
2809
2809
2809
2797
2797
2797
2797
2797
2797
2806
2806
2806
2806
2806
2809
2809
2809
2809
2809
2808
2808
2808
2808
2808
2808
2781
2781
2781
2781
2781
2811
2811
2811
2811
2811
2791
2791
2791
2791
2791
2791
2805
2805
2805
2805
2805
2800
2800
2800
2800
2800
2807
2807
2807
2807
2807
2807
2827
2827
2827
2827
2827
2801
2801
2801
2801
2801
2814
2814
2814
2814
2814
2814
2797
2797
2797
2797
2797
2816
2816
2816
2816
2816
2818
2818
2818
2818
2818
2818
2788
2788
2788
2788
2788
2808
2808
2808
2808
2808
2815
2815
2815
2815
2815
2815
2822
2822
2822
2822
2822
2802
2802
2802
2802
2802
2817
2817
2817
2817
2817
2817
2821
2821
2821
2821
2821
2824
2824
2824
2824
2824
2795
2795
2795
2795
2795
2795
2814
2814
2814
2814
2814
2820
2820
2820
2820
2820
2821
2821
2821
2821
2821
2821
2823
2823
2823
2823
2823
2816
2816
2816
2816
2816
2821
2821
2821
2821
2821
2821
2807
2807
2807
2807
2807
2814
2814
2814
2814
2814
2818
2818
2818
2818
2818
2818
2819
2819
2819
2819
2819
2817
2817
2817
2817
2817
2818
2818
2818
2818
2818
2818
2819
2819
2819
2819
2819
2807
2807
2807
2807
2807
2811
2811
2811
2811
2811
2811
2832
2832
2832
2832
2832
2809
2809
2809
2809
2809
2819
2819
2819
2819
2819
2819
2814
2814
2814
2814
2814
2801
2801
2801
2801
2801
2803
2803
2803
2803
2803
2803
2792
2792
2792
2792
2792
2796
2796
2796
2796
2796
2778
2778
2778
2778
2778
2778
2814
2814
2814
2814
2814
2783
2783
2783
2783
2783
2799
2799
2799
2799
2799
2799
2794
2794
2794
2794
2794
2794
2794
2794
2794
2794
2780
2780
2780
2780
2780
2780
2817
2817
2817
2817
2817
2814
2814
2814
2814
2814
2813
2813
2813
2813
2813
2813
2776
2776
2776
2776
2776
2787
2787
2787
2787
2787
2786
2786
2786
2786
2786
2786
2792
2792
2792
2792
2792
2779
2779
2779
2779
2779
2779
2779
2779
2779
2779
2779
2808
2808
2808
2808
2808
2783
2783
2783
2783
2783
2790
2790
2790
2790
2790
2790
2796
2796
2796
2796
2796
2798
2798
2798
2798
2798
2778
2778
2778
2778
2778
2778
2810
2810
2810
2810
2810
2814
2814
2814
2814
2814
2810
2810
2810
2810
2810
2810
2823
2823
2823
2823
2823
2831
2831
2831
2831
2831
2843
2843
2843
2843
2843
2843
2814
2814
2814
2814
2814
2814
2814
2814
2814
2814
2790
2790
2790
2790
2790
2790
2793
2793
2793
2793
2793
2818
2818
2818
2818
2818
2819
2819
2819
2819
2819
2819
2814
2814
2814
2814
2814
2807
2807
2807
2807
2807
2815
2815
2815
2815
2815
2815
2801
2801
2801
2801
2801
2801
2801
2801
2801
2801
2805
2805
2805
2805
2805
2805
2819
2819
2819
2819
2819
2827
2827
2827
2827
2827
2813
2813
2813
2813
2813
2813
2787
2787
2787
2787
2787
2813
2813
2813
2813
2813
2823
2823
2823
2823
2823
2823
2787
2787
2787
2787
2787
2807
2807
2807
2807
2807
2816
2816
2816
2816
2816
2816
2825
2825
2825
2825
2825
2822
2822
2822
2822
2822
2820
2820
2820
2820
2820
2820
2809
2809
2809
2809
2809
2801
2801
2801
2801
2801
2811
2811
2811
2811
2811
2811
2804
2804
2804
2804
2804
2806
2806
2806
2806
2806
2816
2816
2816
2816
2816
2816
2821
2821
2821
2821
2821
2829
2829
2829
2829
2829
2817
2817
2817
2817
2817
2817
2812
2812
2812
2812
2812
2831
2831
2831
2831
2831
2804
2804
2804
2804
2804
2804
2809
2809
2809
2809
2809
2830
2830
2830
2830
2830
2816
2816
2816
2816
2816
2816
2819
2819
2819
2819
2819
2809
2809
2809
2809
2809
2826
2826
2826
2826
2826
2826
2819
2819
2819
2819
2819
2830
2830
2830
2830
2830
2822
2822
2822
2822
2822
2822
2822
2822
2822
2822
2822
2799
2799
2799
2799
2799
2807
2807
2807
2807
2807
2807
2835
2835
2835
2835
2835
2815
2815
2815
2815
2815
2815
2815
2815
2815
2815
2815
2838
2838
2838
2838
2838
2816
2816
2816
2816
2816
2826
2826
2826
2826
2826
2826
2812
2812
2812
2812
2812
2804
2804
2804
2804
2804
2820
2820
2820
2820
2820
2820
2830
2830
2830
2830
2830
2805
2805
2805
2805
2805
2781
2781
2781
2781
2781
2781
2803
2803
2803
2803
2803
2817
2817
2817
2817
2817
2827
2827
2827
2827
2827
2827
2822
2822
2822
2822
2822
2817
2817
2817
2817
2817
2804
2804
2804
2804
2804
2804
2808
2808
2808
2808
2808
2788
2788
2788
2788
2788
2776
2776
2776
2776
2776
2776
2799
2799
2799
2799
2799
2764
2764
2764
2764
2764
2782
2782
2782
2782
2782
2782
2789
2789
2789
2789
2789
2789
2789
2789
2789
2789
2822
2822
2822
2822
2822
2822
2797
2797
2797
2797
2797
2821
2821
2821
2821
2821
2810
2810
2810
2810
2810
2810
2811
2811
2811
2811
2811
2773
2773
2773
2773
2773
2737
2737
2737
2737
2737
2737
2724
2724
2724
2724
2724
2706
2706
2706
2706
2706
2715
2715
2715
2715
2715
2715
2703
2703
2703
2703
2703
2726
2726
2726
2726
2726
2750
2750
2750
2750
2750
2750
2797
2797
2797
2797
2797
2803
2803
2803
2803
2803
2838
2838
2838
2838
2838
2838
2839
2839
2839
2839
2839
2857
2857
2857
2857
2857
2846
2846
2846
2846
2846
2846
2823
2823
2823
2823
2823
2839
2839
2839
2839
2839
2824
2824
2824
2824
2824
2824
2846
2846
2846
2846
2846
2878
2878
2878
2878
2878
2923
2923
2923
2923
2923
2923
2962
2962
2962
2962
2962
2996
2996
2996
2996
2996
3043
3043
3043
3043
3043
3043
3081
3081
3081
3081
3081
3081
3081
3081
3081
3081
3091
3091
3091
3091
3091
3091
3075
3075
3075
3075
3075
3068
3068
3068
3068
3068
3060
3060
3060
3060
3060
3060
3022
3022
3022
3022
3022
2985
2985
2985
2985
2985
2938
2938
2938
2938
2938
2938
2910
2910
2910
2910
2910
2847
2847
2847
2847
2847
2810
2810
2810
2810
2810
2810
2752
2752
2752
2752
2752
2712
2712
2712
2712
2712
2689
2689
2689
2689
2689
2689
2657
2657
2657
2657
2657
2592
2592
2592
2592
2592
2539
2539
2539
2539
2539
2539
2428
2428
2428
2428
2428
2309
2309
2309
2309
2309
2191
2191
2191
2191
2191
2191
2111
2111
2111
2111
2111
2031
2031
2031
2031
2031
2002
2002
2002
2002
2002
2002
2032
2032
2032
2032
2032
2100
2100
2100
2100
2100
2320
2320
2320
2320
2320
2320
2537
2537
2537
2537
2537
2890
2890
2890
2890
2890
3231
3231
3231
3231
3231
3231
3601
3601
3601
3601
3601
3924
3924
3924
3924
3924
4095
4095
4095
4095
4095
4095
4095
4095
4095
4095
4095
4095
4095
4095
4095
4095
4064
4064
4064
4064
4064
4064
3856
3856
3856
3856
3856
3602
3602
3602
3602
3602
3303
3303
3303
3303
3303
3303
3070
3070
3070
3070
3070
2844
2844
2844
2844
2844
2666
2666
2666
2666
2666
2666
2579
2579
2579
2579
2579
2532
2532
2532
2532
2532
2528
2528
2528
2528
2528
2528
2503
2503
2503
2503
2503
2524
2524
2524
2524
2524
2557
2557
2557
2557
2557
2557
2435
2435
2435
2435
2435
2379
2379
2379
2379
2379
2287
2287
2287
2287
2287
2287
2170
2170
2170
2170
2170
2086
2086
2086
2086
2086
2016
2016
2016
2016
2016
2016
1954
1954
1954
1954
1954
1940
1940
1940
1940
1940
2037
2037
2037
2037
2037
2037
2091
2091
2091
2091
2091
2221
2221
2221
2221
2221
2437
2437
2437
2437
2437
2437
2633
2633
2633
2633
2633
2875
2875
2875
2875
2875
3105
3105
3105
3105
3105
3105
3336
3336
3336
3336
3336
3508
3508
3508
3508
3508
3713
3713
3713
3713
3713
3713
3846
3846
3846
3846
3846
3948
3948
3948
3948
3948
3936
3936
3936
3936
3936
3936
3950
3950
3950
3950
3950
3874
3874
3874
3874
3874
3749
3749
3749
3749
3749
3749
3499
3499
3499
3499
3499
3314
3314
3314
3314
3314
3047
3047
3047
3047
3047
3047
2856
2856
2856
2856
2856
2599
2599
2599
2599
2599
2402
2402
2402
2402
2402
2402
2322
2322
2322
2322
2322
2253
2253
2253
2253
2253
2232
2232
2232
2232
2232
2232
2219
2219
2219
2219
2219
2321
2321
2321
2321
2321
2347
2347
2347
2347
2347
2347
2426
2426
2426
2426
2426
2432
2432
2432
2432
2432
2451
2451
2451
2451
2451
2451
2509
2509
2509
2509
2509
2491
2491
2491
2491
2491
2542
2542
2542
2542
2542
2542
2491
2491
2491
2491
2491
2518
2518
2518
2518
2518
2500
2500
2500
2500
2500
2500
2615
2615
2615
2615
2615
2632
2632
2632
2632
2632
2756
2756
2756
2756
2756
2756
2841
2841
2841
2841
2841
2899
2899
2899
2899
2899
3007
3007
3007
3007
3007
3007
3079
3079
3079
3079
3079
3170
3170
3170
3170
3170
3238
3238
3238
3238
3238
3238
3249
3249
3249
3249
3249
3319
3319
3319
3319
3319
3362
3362
3362
3362
3362
3362
3394
3394
3394
3394
3394
3331
3331
3331
3331
3331
3321
3321
3321
3321
3321
3321
3249
3249
3249
3249
3249
3131
3131
3131
3131
3131
2943
2943
2943
2943
2943
2943
2809
2809
2809
2809
2809
2601
2601
2601
2601
2601
2447
2447
2447
2447
2447
2447
2313
2313
2313
2313
2313
2181
2181
2181
2181
2181
2173
2173
2173
2173
2173
2173
2222
2222
2222
2222
2222
2296
2296
2296
2296
2296
2360
2360
2360
2360
2360
2360
2505
2505
2505
2505
2505
2660
2660
2660
2660
2660
2783
2783
2783
2783
2783
2783
2941
2941
2941
2941
2941
3059
3059
3059
3059
3059
3114
3114
3114
3114
3114
3114
3086
3086
3086
3086
3086
3035
3035
3035
3035
3035
2983
2983
2983
2983
2983
2983
2924
2924
2924
2924
2924
2821
2821
2821
2821
2821
2785
2785
2785
2785
2785
2785
2704
2704
2704
2704
2704
2734
2734
2734
2734
2734
2781
2781
2781
2781
2781
2781
2805
2805
2805
2805
2805
2874
2874
2874
2874
2874
2897
2897
2897
2897
2897
2897
2954
2954
2954
2954
2954
2953
2953
2953
2953
2953
2941
2941
2941
2941
2941
2941
2900
2900
2900
2900
2900
2881
2881
2881
2881
2881
2800
2800
2800
2800
2800
2800
2694
2694
2694
2694
2694
2642
2642
2642
2642
2642
2492
2492
2492
2492
2492
2492
2476
2476
2476
2476
2476
2481
2481
2481
2481
2481
2502
2502
2502
2502
2502
2502
2504
2504
2504
2504
2504
2631
2631
2631
2631
2631
2741
2741
2741
2741
2741
2741
2841
2841
2841
2841
2841
3004
3004
3004
3004
3004
3069
3069
3069
3069
3069
3069
3172
3172
3172
3172
3172
3243
3243
3243
3243
3243
3236
3236
3236
3236
3236
3236
3282
3282
3282
3282
3282
3216
3216
3216
3216
3216
3157
3157
3157
3157
3157
3157
3065
3065
3065
3065
3065
2940
2940
2940
2940
2940
2817
2817
2817
2817
2817
2817
2693
2693
2693
2693
2693
2607
2607
2607
2607
2607
2528
2528
2528
2528
2528
2528
2436
2436
2436
2436
2436
2424
2424
2424
2424
2424
2407
2407
2407
2407
2407
2407
2445
2445
2445
2445
2445
2473
2473
2473
2473
2473
2526
2526
2526
2526
2526
2526
2620
2620
2620
2620
2620
2609
2609
2609
2609
2609
2685
2685
2685
2685
2685
2685
2739
2739
2739
2739
2739
2760
2760
2760
2760
2760
2726
2726
2726
2726
2726
2726
2809
2809
2809
2809
2809
2817
2817
2817
2817
2817
2849
2849
2849
2849
2849
2849
2855
2855
2855
2855
2855
2815
2815
2815
2815
2815
2862
2862
2862
2862
2862
2862
2904
2904
2904
2904
2904
2985
2985
2985
2985
2985
3100
3100
3100
3100
3100
3100
3179
3179
3179
3179
3179
3247
3247
3247
3247
3247
3285
3285
3285
3285
3285
3285
3325
3325
3325
3325
3325
3324
3324
3324
3324
3324
3279
3279
3279
3279
3279
3279
3121
3121
3121
3121
3121
3101
3101
3101
3101
3101
2901
2901
2901
2901
2901
2901
2726
2726
2726
2726
2726
2563
2563
2563
2563
2563
2435
2435
2435
2435
2435
2435
2278
2278
2278
2278
2278
2222
2222
2222
2222
2222
2172
2172
2172
2172
2172
2172
2166
2166
2166
2166
2166
2220
2220
2220
2220
2220
2198
2198
2198
2198
2198
2198
2334
2334
2334
2334
2334
2440
2440
2440
2440
2440
2595
2595
2595
2595
2595
2595
2641
2641
2641
2641
2641
2770
2770
2770
2770
2770
2872
2872
2872
2872
2872
2872
2912
2912
2912
2912
2912
2981
2981
2981
2981
2981
3099
3099
3099
3099
3099
3099
3143
3143
3143
3143
3143
3167
3167
3167
3167
3167
3190
3190
3190
3190
3190
3190
3204
3204
3204
3204
3204
3192
3192
3192
3192
3192
3205
3205
3205
3205
3205
3205
3170
3170
3170
3170
3170
3232
3232
3232
3232
3232
3124
3124
3124
3124
3124
3124
3129
3129
3129
3129
3129
3029
3029
3029
3029
3029
3014
3014
3014
3014
3014
3014
2938
2938
2938
2938
2938
2861
2861
2861
2861
2861
2770
2770
2770
2770
2770
2770
2723
2723
2723
2723
2723
2668
2668
2668
2668
2668
2548
2548
2548
2548
2548
2548
2503
2503
2503
2503
2503
2450
2450
2450
2450
2450
2366
2366
2366
2366
2366
2366
2291
2291
2291
2291
2291
2273
2273
2273
2273
2273
2269
2269
2269
2269
2269
2269
2309
2309
2309
2309
2309
2346
2346
2346
2346
2346
2394
2394
2394
2394
2394
2394
2485
2485
2485
2485
2485
2636
2636
2636
2636
2636
2747
2747
2747
2747
2747
2747
2861
2861
2861
2861
2861
3024
3024
3024
3024
3024
3128
3128
3128
3128
3128
3128
3165
3165
3165
3165
3165
3296
3296
3296
3296
3296
3307
3307
3307
3307
3307
3307
3311
3311
3311
3311
3311
3288
3288
3288
3288
3288
3265
3265
3265
3265
3265
3265
3250
3250
3250
3250
3250
3189
3189
3189
3189
3189
3115
3115
3115
3115
3115
3115
3084
3084
3084
3084
3084
2979
2979
2979
2979
2979
2929
2929
2929
2929
2929
2929
2871
2871
2871
2871
2871
2779
2779
2779
2779
2779
2767
2767
2767
2767
2767
2767
2703
2703
2703
2703
2703
2655
2655
2655
2655
2655
2621
2621
2621
2621
2621
2621
2609
2609
2609
2609
2609
2553
2553
2553
2553
2553
2510
2510
2510
2510
2510
2510
2490
2490
2490
2490
2490
2511
2511
2511
2511
2511
2516
2516
2516
2516
2516
2516
2530
2530
2530
2530
2530
2507
2507
2507
2507
2507
2508
2508
2508
2508
2508
2508
2547
2547
2547
2547
2547
2573
2573
2573
2573
2573
2670
2670
2670
2670
2670
2670
2745
2745
2745
2745
2745
2820
2820
2820
2820
2820
2898
2898
2898
2898
2898
2898
2980
2980
2980
2980
2980
3050
3050
3050
3050
3050
3098
3098
3098
3098
3098
3098
3157
3157
3157
3157
3157
3188
3188
3188
3188
3188
3179
3179
3179
3179
3179
3179
3183
3183
3183
3183
3183
3135
3135
3135
3135
3135
3057
3057
3057
3057
3057
3057
3030
3030
3030
3030
3030
2901
2901
2901
2901
2901
2830
2830
2830
2830
2830
2830
2735
2735
2735
2735
2735
2730
2730
2730
2730
2730
2654
2654
2654
2654
2654
2654
2641
2641
2641
2641
2641
2632
2632
2632
2632
2632
2660
2660
2660
2660
2660
2660
2648
2648
2648
2648
2648
2682
2682
2682
2682
2682
2665
2665
2665
2665
2665
2665
2711
2711
2711
2711
2711
2712
2712
2712
2712
2712
2696
2696
2696
2696
2696
2696
2679
2679
2679
2679
2679
2640
2640
2640
2640
2640
2689
2689
2689
2689
2689
2689
2696
2696
2696
2696
2696
2657
2657
2657
2657
2657
2727
2727
2727
2727
2727
2727
2773
2773
2773
2773
2773
2784
2784
2784
2784
2784
2878
2878
2878
2878
2878
2878
2912
2912
2912
2912
2912
3009
3009
3009
3009
3009
2994
2994
2994
2994
2994
2994
3036
3036
3036
3036
3036
3042
3042
3042
3042
3042
3049
3049
3049
3049
3049
3049
3020
3020
3020
3020
3020
3008
3008
3008
3008
3008
2940
2940
2940
2940
2940
2940
2894
2894
2894
2894
2894
2866
2866
2866
2866
2866
2796
2796
2796
2796
2796
2796
2727
2727
2727
2727
2727
2689
2689
2689
2689
2689
2661
2661
2661
2661
2661
2661
2646
2646
2646
2646
2646
2656
2656
2656
2656
2656
2680
2680
2680
2680
2680
2680
2679
2679
2679
2679
2679
2676
2676
2676
2676
2676
2749
2749
2749
2749
2749
2749
2764
2764
2764
2764
2764
2793
2793
2793
2793
2793
2852
2852
2852
2852
2852
2852
2826
2826
2826
2826
2826
2874
2874
2874
2874
2874
2889
2889
2889
2889
2889
2889
2885
2885
2885
2885
2885
2885
2885
2885
2885
2885
2875
2875
2875
2875
2875
2875
2895
2895
2895
2895
2895
2881
2881
2881
2881
2881
2844
2844
2844
2844
2844
2844
2865
2865
2865
2865
2865
2872
2872
2872
2872
2872
2920
2920
2920
2920
2920
2920
2829
2829
2829
2829
2829
2864
2864
2864
2864
2864
2896
2896
2896
2896
2896
2896
2864
2864
2864
2864
2864
2840
2840
2840
2840
2840
2869
2869
2869
2869
2869
2869
2768
2768
2768
2768
2768
2734
2734
2734
2734
2734
2748
2748
2748
2748
2748
2748
2754
2754
2754
2754
2754
2730
2730
2730
2730
2730
2686
2686
2686
2686
2686
2686
2704
2704
2704
2704
2704
2672
2672
2672
2672
2672
2697
2697
2697
2697
2697
2697
2700
2700
2700
2700
2700
2726
2726
2726
2726
2726
2729
2729
2729
2729
2729
2729
2753
2753
2753
2753
2753
2772
2772
2772
2772
2772
2811
2811
2811
2811
2811
2811
2825
2825
2825
2825
2825
2868
2868
2868
2868
2868
2900
2900
2900
2900
2900
2900
2913
2913
2913
2913
2913
2937
2937
2937
2937
2937
2978
2978
2978
2978
2978
2978
2950
2950
2950
2950
2950
2959
2959
2959
2959
2959
2912
2912
2912
2912
2912
2912
2871
2871
2871
2871
2871
2907
2907
2907
2907
2907
2880
2880
2880
2880
2880
2880
2847
2847
2847
2847
2847
2815
2815
2815
2815
2815
2844
2844
2844
2844
2844
2844
2784
2784
2784
2784
2784
2766
2766
2766
2766
2766
2753
2753
2753
2753
2753
2753
2770
2770
2770
2770
2770
2744
2744
2744
2744
2744
2776
2776
2776
2776
2776
2776
2794
2794
2794
2794
2794
2766
2766
2766
2766
2766
2721
2721
2721
2721
2721
2721
2781
2781
2781
2781
2781
2720
2720
2720
2720
2720
2747
2747
2747
2747
2747
2747
2766
2766
2766
2766
2766
2777
2777
2777
2777
2777
2752
2752
2752
2752
2752
2752
2801
2801
2801
2801
2801
2775
2775
2775
2775
2775
2742
2742
2742
2742
2742
2742
2814
2814
2814
2814
2814
2863
2863
2863
2863
2863
2817
2817
2817
2817
2817
2817
2864
2864
2864
2864
2864
2906
2906
2906
2906
2906
2896
2896
2896
2896
2896
2896
2905
2905
2905
2905
2905
2924
2924
2924
2924
2924
2901
2901
2901
2901
2901
2901
2864
2864
2864
2864
2864
2857
2857
2857
2857
2857
2811
2811
2811
2811
2811
2811
2816
2816
2816
2816
2816
2790
2790
2790
2790
2790
2757
2757
2757
2757
2757
2757
2767
2767
2767
2767
2767
2722
2722
2722
2722
2722
2749
2749
2749
2749
2749
2749
2728
2728
2728
2728
2728
2752
2752
2752
2752
2752
2739
2739
2739
2739
2739
2739
2749
2749
2749
2749
2749
2741
2741
2741
2741
2741
2754
2754
2754
2754
2754
2754
2778
2778
2778
2778
2778
2759
2759
2759
2759
2759
2783
2783
2783
2783
2783
2783
2819
2819
2819
2819
2819
2849
2849
2849
2849
2849
2855
2855
2855
2855
2855
2855
2909
2909
2909
2909
2909
2921
2921
2921
2921
2921
2925
2925
2925
2925
2925
2925
2939
2939
2939
2939
2939
2911
2911
2911
2911
2911
2933
2933
2933
2933
2933
2933
2933
2933
2933
2933
2933
2917
2917
2917
2917
2917
2884
2884
2884
2884
2884
2884
2838
2838
2838
2838
2838
2828
2828
2828
2828
2828
2828
2828
2828
2828
2828
2828
2813
2813
2813
2813
2813
2797
2797
2797
2797
2797
2801
2801
2801
2801
2801
2801
2735
2735
2735
2735
2735
2727
2727
2727
2727
2727
2723
2723
2723
2723
2723
2723
2725
2725
2725
2725
2725
2699
2699
2699
2699
2699
2659
2659
2659
2659
2659
2659
2697
2697
2697
2697
2697
2715
2715
2715
2715
2715
2725
2725
2725
2725
2725
2725
2738
2738
2738
2738
2738
2739
2739
2739
2739
2739
2773
2773
2773
2773
2773
2773
2788
2788
2788
2788
2788
2813
2813
2813
2813
2813
2831
2831
2831
2831
2831
2831
2834
2834
2834
2834
2834
2856
2856
2856
2856
2856
2875
2875
2875
2875
2875
2875
2840
2840
2840
2840
2840
2930
2930
2930
2930
2930
2915
2915
2915
2915
2915
2915
2945
2945
2945
2945
2945
2941
2941
2941
2941
2941
2919
2919
2919
2919
2919
2919
2962
2962
2962
2962
2962
2878
2878
2878
2878
2878
2833
2833
2833
2833
2833
2833
2836
2836
2836
2836
2836
2851
2851
2851
2851
2851
2810
2810
2810
2810
2810
2810
2808
2808
2808
2808
2808
2781
2781
2781
2781
2781
2749
2749
2749
2749
2749
2749
2757
2757
2757
2757
2757
2766
2766
2766
2766
2766
2753
2753
2753
2753
2753
2753
2715
2715
2715
2715
2715
2735
2735
2735
2735
2735
2726
2726
2726
2726
2726
2726
2739
2739
2739
2739
2739
2734
2734
2734
2734
2734
2735
2735
2735
2735
2735
2735
2740
2740
2740
2740
2740
2759
2759
2759
2759
2759
2772
2772
2772
2772
2772
2772
2759
2759
2759
2759
2759
2758
2758
2758
2758
2758
2839
2839
2839
2839
2839
2839
2850
2850
2850
2850
2850
2869
2869
2869
2869
2869
2861
2861
2861
2861
2861
2861
2886
2886
2886
2886
2886
2898
2898
2898
2898
2898
2918
2918
2918
2918
2918
2918
2895
2895
2895
2895
2895
2903
2903
2903
2903
2903
2893
2893
2893
2893
2893
2893
2850
2850
2850
2850
2850
2854
2854
2854
2854
2854
2844
2844
2844
2844
2844
2844
2803
2803
2803
2803
2803
2826
2826
2826
2826
2826
2801
2801
2801
2801
2801
2801
2785
2785
2785
2785
2785
2785
2785
2785
2785
2785
2769
2769
2769
2769
2769
2769
2760
2760
2760
2760
2760
2754
2754
2754
2754
2754
2769
2769
2769
2769
2769
2769
2757
2757
2757
2757
2757
2768
2768
2768
2768
2768
2789
2789
2789
2789
2789
2789
2778
2778
2778
2778
2778
2776
2776
2776
2776
2776
2788
2788
2788
2788
2788
2788
2812
2812
2812
2812
2812
2793
2793
2793
2793
2793
2824
2824
2824
2824
2824
2824
2836
2836
2836
2836
2836
2837
2837
2837
2837
2837
2867
2867
2867
2867
2867
2867
2846
2846
2846
2846
2846
2879
2879
2879
2879
2879
2861
2861
2861
2861
2861
2861
2873
2873
2873
2873
2873
2859
2859
2859
2859
2859
2882
2882
2882
2882
2882
2882
2861
2861
2861
2861
2861
2858
2858
2858
2858
2858
2851
2851
2851
2851
2851
2851
2818
2818
2818
2818
2818
2783
2783
2783
2783
2783
2815
2815
2815
2815
2815
2815
2803
2803
2803
2803
2803
2792
2792
2792
2792
2792
2797
2797
2797
2797
2797
2797
2773
2773
2773
2773
2773
2761
2761
2761
2761
2761
2771
2771
2771
2771
2771
2771
2751
2751
2751
2751
2751
2746
2746
2746
2746
2746
2757
2757
2757
2757
2757
2757
2805
2805
2805
2805
2805
2794
2794
2794
2794
2794
2804
2804
2804
2804
2804
2804
2801
2801
2801
2801
2801
2792
2792
2792
2792
2792
2859
2859
2859
2859
2859
2859
2901
2901
2901
2901
2901
2843
2843
2843
2843
2843
2873
2873
2873
2873
2873
2873
2889
2889
2889
2889
2889
2868
2868
2868
2868
2868
2862
2862
2862
2862
2862
2862
2875
2875
2875
2875
2875
2877
2877
2877
2877
2877
2861
2861
2861
2861
2861
2861
2874
2874
2874
2874
2874
2857
2857
2857
2857
2857
2841
2841
2841
2841
2841
2841
2851
2851
2851
2851
2851
2813
2813
2813
2813
2813
2800
2800
2800
2800
2800
2800
2799
2799
2799
2799
2799
2784
2784
2784
2784
2784
2788
2788
2788
2788
2788
2788
2807
2807
2807
2807
2807
2780
2780
2780
2780
2780
2738
2738
2738
2738
2738
2738
2762
2762
2762
2762
2762
2782
2782
2782
2782
2782
2787
2787
2787
2787
2787
2787
2784
2784
2784
2784
2784
2752
2752
2752
2752
2752
2781
2781
2781
2781
2781
2781
2802
2802
2802
2802
2802
2796
2796
2796
2796
2796
2793
2793
2793
2793
2793
2793
2788
2788
2788
2788
2788
2786
2786
2786
2786
2786
2834
2834
2834
2834
2834
2834
2861
2861
2861
2861
2861
2856
2856
2856
2856
2856
2831
2831
2831
2831
2831
2831
2820
2820
2820
2820
2820
2826
2826
2826
2826
2826
2843
2843
2843
2843
2843
2843
2846
2846
2846
2846
2846
2863
2863
2863
2863
2863
2819
2819
2819
2819
2819
2819
2819
2819
2819
2819
2819
2865
2865
2865
2865
2865
2833
2833
2833
2833
2833
2833
2776
2776
2776
2776
2776
2853
2853
2853
2853
2853
2839
2839
2839
2839
2839
2839
2821
2821
2821
2821
2821
2835
2835
2835
2835
2835
2833
2833
2833
2833
2833
2833
2819
2819
2819
2819
2819
2801
2801
2801
2801
2801
2794
2794
2794
2794
2794
2794
2787
2787
2787
2787
2787
2802
2802
2802
2802
2802
2820
2820
2820
2820
2820
2820
2809
2809
2809
2809
2809
2798
2798
2798
2798
2798
2805
2805
2805
2805
2805
2805
2820
2820
2820
2820
2820
2823
2823
2823
2823
2823
2803
2803
2803
2803
2803
2803
2835
2835
2835
2835
2835
2787
2787
2787
2787
2787
2841
2841
2841
2841
2841
2841
2772
2772
2772
2772
2772
2818
2818
2818
2818
2818
2791
2791
2791
2791
2791
2791
2797
2797
2797
2797
2797
2794
2794
2794
2794
2794
2836
2836
2836
2836
2836
2836
2767
2767
2767
2767
2767
2852
2852
2852
2852
2852
2797
2797
2797
2797
2797
2797
2816
2816
2816
2816
2816
2840
2840
2840
2840
2840
2792
2792
2792