2733
2733
2711
2711
2711
2711
2711
2674
2674
2674
2674
2674
2649
2649
2649
2649
2649
2649
2625
2625
2625
2625
2625
2560
2560
2560
2560
2560
2488
2488
2488
2488
2488
2488
2389
2389
2389
2389
2389
2288
2288
2288
2288
2288
2203
2203
2203
2203
2203
2203
2152
2152
2152
2152
2152
2152
2152
2152
2152
2152
2176
2176
2176
2176
2176
2176
2269
2269
2269
2269
2269
2424
2424
2424
2424
2424
2629
2629
2629
2629
2629
2629
2864
2864
2864
2864
2864
3109
3109
3109
3109
3109
3332
3332
3332
3332
3332
3332
3503
3503
3503
3503
3503
3629
3629
3629
3629
3629
3668
3668
3668
3668
3668
3668
3642
3642
3642
3642
3642
3527
3527
3527
3527
3527
3403
3403
3403
3403
3403
3403
3246
3246
3246
3246
3246
3098
3098
3098
3098
3098
2997
2997
2997
2997
2997
2997
2916
2916
2916
2916
2916
2853
2853
2853
2853
2853
2798
2798
2798
2798
2798
2798
2775
2775
2775
2775
2775
2764
2764
2764
2764
2764
2757
2757
2757
2757
2757
2757
2698
2698
2698
2698
2698
2626
2626
2626
2626
2626
2526
2526
2526
2526
2526
2526
2431
2431
2431
2431
2431
2321
2321
2321
2321
2321
2202
2202
2202
2202
2202
2202
2120
2120
2120
2120
2120
2058
2058
2058
2058
2058
2043
2043
2043
2043
2043
2043
2060
2060
2060
2060
2060
2116
2116
2116
2116
2116
2226
2226
2226
2226
2226
2226
2375
2375
2375
2375
2375
2549
2549
2549
2549
2549
2718
2718
2718
2718
2718
2718
2889
2889
2889
2889
2889
3065
3065
3065
3065
3065
3207
3207
3207
3207
3207
3207
3314
3314
3314
3314
3314
3407
3407
3407
3407
3407
3477
3477
3477
3477
3477
3477
3504
3504
3504
3504
3504
3520
3520
3520
3520
3520
3504
3504
3504
3504
3504
3504
3473
3473
3473
3473
3473
3411
3411
3411
3411
3411
3324
3324
3324
3324
3324
3324
3214
3214
3214
3214
3214
3088
3088
3088
3088
3088
2947
2947
2947
2947
2947
2947
2810
2810
2810
2810
2810
2683
2683
2683
2683
2683
2586
2586
2586
2586
2586
2586
2520
2520
2520
2520
2520
2457
2457
2457
2457
2457
2408
2408
2408
2408
2408
2408
2395
2395
2395
2395
2395
2401
2401
2401
2401
2401
2383
2383
2383
2383
2383
2383
2411
2411
2411
2411
2411
2431
2431
2431
2431
2431
2465
2465
2465
2465
2465
2465
2487
2487
2487
2487
2487
2516
2516
2516
2516
2516
2537
2537
2537
2537
2537
2537
2558
2558
2558
2558
2558
2562
2562
2562
2562
2562
2593
2593
2593
2593
2593
2593
2627
2627
2627
2627
2627
2671
2671
2671
2671
2671
2743
2743
2743
2743
2743
2743
2819
2819
2819
2819
2819
2873
2873
2873
2873
2873
2967
2967
2967
2967
2967
2967
3030
3030
3030
3030
3030
3110
3110
3110
3110
3110
3172
3172
3172
3172
3172
3172
3234
3234
3234
3234
3234
3261
3261
3261
3261
3261
3290
3290
3290
3290
3290
3290
3249
3249
3249
3249
3249
3178
3178
3178
3178
3178
3077
3077
3077
3077
3077
3077
2948
2948
2948
2948
2948
2806
2806
2806
2806
2806
2700
2700
2700
2700
2700
2700
2576
2576
2576
2576
2576
2476
2476
2476
2476
2476
2424
2424
2424
2424
2424
2424
2392
2392
2392
2392
2392
2387
2387
2387
2387
2387
2419
2419
2419
2419
2419
2419
2466
2466
2466
2466
2466
2530
2530
2530
2530
2530
2578
2578
2578
2578
2578
2578
2653
2653
2653
2653
2653
2717
2717
2717
2717
2717
2760
2760
2760
2760
2760
2760
2802
2802
2802
2802
2802
2809
2809
2809
2809
2809
2823
2823
2823
2823
2823
2823
2843
2843
2843
2843
2843
2834
2834
2834
2834
2834
2837
2837
2837
2837
2837
2837
2838
2838
2838
2838
2838
2848
2848
2848
2848
2848
2859
2859
2859
2859
2859
2859
2871
2871
2871
2871
2871
2883
2883
2883
2883
2883
2906
2906
2906
2906
2906
2906
2931
2931
2931
2931
2931
2930
2930
2930
2930
2930
2943
2943
2943
2943
2943
2943
2940
2940
2940
2940
2940
2931
2931
2931
2931
2931
2912
2912
2912
2912
2912
2912
2869
2869
2869
2869
2869
2831
2831
2831
2831
2831
2769
2769
2769
2769
2769
2769
2713
2713
2713
2713
2713
2642
2642
2642
2642
2642
2595
2595
2595
2595
2595
2595
2578
2578
2578
2578
2578
2565
2565
2565
2565
2565
2581
2581
2581
2581
2581
2581
2613
2613
2613
2613
2613
2664
2664
2664
2664
2664
2730
2730
2730
2730
2730
2730
2793
2793
2793
2793
2793
2843
2843
2843
2843
2843
2904
2904
2904
2904
2904
2904
2959
2959
2959
2959
2959
3004
3004
3004
3004
3004
3008
3008
3008
3008
3008
3008
2982
2982
2982
2982
2982
2950
2950
2950
2950
2950
2914
2914
2914
2914
2914
2914
2850
2850
2850
2850
2850
2796
2796
2796
2796
2796
2750
2750
2750
2750
2750
2750
2730
2730
2730
2730
2730
2709
2709
2709
2709
2709
2707
2707
2707
2707
2707
2707
2720
2720
2720
2720
2720
2755
2755
2755
2755
2755
2795
2795
2795
2795
2795
2795
2812
2812
2812
2812
2812
2823
2823
2823
2823
2823
2815
2815
2815
2815
2815
2815
2796
2796
2796
2796
2796
2757
2757
2757
2757
2757
2723
2723
2723
2723
2723
2723
2673
2673
2673
2673
2673
2657
2657
2657
2657
2657
2644
2644
2644
2644
2644
2644
2632
2632
2632
2632
2632
2648
2648
2648
2648
2648
2677
2677
2677
2677
2677
2677
2703
2703
2703
2703
2703
2735
2735
2735
2735
2735
2764
2764
2764
2764
2764
2764
2798
2798
2798
2798
2798
2826
2826
2826
2826
2826
2831
2831
2831
2831
2831
2831
2834
2834
2834
2834
2834
2831
2831
2831
2831
2831
2817
2817
2817
2817
2817
2817
2802
2802
2802
2802
2802
2800
2800
2800
2800
2800
2788
2788
2788
2788
2788
2788
2784
2784
2784
2784
2784
2784
2784
2784
2784
2784
2782
2782
2782
2782
2782
2782
2784
2784
2784
2784
2784
2790
2790
2790
2790
2790
2777
2777
2777
2777
2777
2777
2771
2771
2771
2771
2771
2777
2777
2777
2777
2777
2760
2760
2760
2760
2760
2760
2749
2749
2749
2749
2749
2764
2764
2764
2764
2764
2758
2758
2758
2758
2758
2758
2743
2743
2743
2743
2743
2760
2760
2760
2760
2760
2780
2780
2780
2780
2780
2780
2796
2796
2796
2796
2796
2803
2803
2803
2803
2803
2810
2810
2810
2810
2810
2810
2820
2820
2820
2820
2820
2812
2812
2812
2812
2812
2801
2801
2801
2801
2801
2801
2795
2795
2795
2795
2795
2770
2770
2770
2770
2770
2753
2753
2753
2753
2753
2753
2733
2733
2733
2733
2733
2714
2714
2714
2714
2714
2708
2708
2708
2708
2708
2708
2714
2714
2714
2714
2714
2717
2717
2717
2717
2717
2742
2742
2742
2742
2742
2742
2763
2763
2763
2763
2763
2767
2767
2767
2767
2767
2776
2776
2776
2776
2776
2776
2787
2787
2787
2787
2787
2783
2783
2783
2783
2783
2781
2781
2781
2781
2781
2781
2775
2775
2775
2775
2775
2777
2777
2777
2777
2777
2776
2776
2776
2776
2776
2776
2782
2782
2782
2782
2782
2780
2780
2780
2780
2780
2781
2781
2781
2781
2781
2781
2789
2789
2789
2789
2789
2790
2790
2790
2790
2790
2799
2799
2799
2799
2799
2799
2804
2804
2804
2804
2804
2801
2801
2801
2801
2801
2809
2809
2809
2809
2809
2809
2813
2813
2813
2813
2813
2807
2807
2807
2807
2807
2803
2803
2803
2803
2803
2803
2798
2798
2798
2798
2798
2807
2807
2807
2807
2807
2801
2801
2801
2801
2801
2801
2806
2806
2806
2806
2806
2811
2811
2811
2811
2811
2820
2820
2820
2820
2820
2820
2821
2821
2821
2821
2821
2820
2820
2820
2820
2820
2820
2820
2820
2820
2820
2820
2830
2830
2830
2830
2830
2815
2815
2815
2815
2815
2800
2800
2800
2800
2800
2800
2774
2774
2774
2774
2774
2759
2759
2759
2759
2759
2745
2745
2745
2745
2745
2745
2731
2731
2731
2731
2731
2712
2712
2712
2712
2712
2711
2711
2711
2711
2711
2711
2711
2711
2711
2711
2711
2713
2713
2713
2713
2713
2718
2718
2718
2718
2718
2718
2731
2731
2731
2731
2731
2738
2738
2738
2738
2738
2738
2738
2738
2738
2738
2738
2748
2748
2748
2748
2748
2753
2753
2753
2753
2753
2760
2760
2760
2760
2760
2760
2751
2751
2751
2751
2751
2762
2762
2762
2762
2762
2772
2772
2772
2772
2772
2772
2793
2793
2793
2793
2793
2800
2800
2800
2800
2800
2813
2813
2813
2813
2813
2813
2841
2841
2841
2841
2841
2849
2849
2849
2849
2849
2845
2845
2845
2845
2845
2845
2842
2842
2842
2842
2842
2842
2842
2842
2842
2842
2850
2850
2850
2850
2850
2850
2843
2843
2843
2843
2843
2835
2835
2835
2835
2835
2839
2839
2839
2839
2839
2839
2836
2836
2836
2836
2836
2822
2822
2822
2822
2822
2824
2824
2824
2824
2824
2824
2818
2818
2818
2818
2818
2823
2823
2823
2823
2823
2813
2813
2813
2813
2813
2813
2785
2785
2785
2785
2785
2787
2787
2787
2787
2787
2763
2763
2763
2763
2763
2763
2741
2741
2741
2741
2741
2724
2724
2724
2724
2724
2710
2710
2710
2710
2710
2710
2720
2720
2720
2720
2720
2719
2719
2719
2719
2719
2715
2715
2715
2715
2715
2715
2726
2726
2726
2726
2726
2717
2717
2717
2717
2717
2711
2711
2711
2711
2711
2711
2716
2716
2716
2716
2716
2732
2732
2732
2732
2732
2754
2754
2754
2754
2754
2754
2759
2759
2759
2759
2759
2774
2774
2774
2774
2774
2787
2787
2787
2787
2787
2787
2801
2801
2801
2801
2801
2809
2809
2809
2809
2809
2816
2816
2816
2816
2816
2816
2837
2837
2837
2837
2837
2853
2853
2853
2853
2853
2855
2855
2855
2855
2855
2855
2872
2872
2872
2872
2872
2869
2869
2869
2869
2869
2868
2868
2868
2868
2868
2868
2859
2859
2859
2859
2859
2843
2843
2843
2843
2843
2828
2828
2828
2828
2828
2828
2817
2817
2817
2817
2817
2799
2799
2799
2799
2799
2788
2788
2788
2788
2788
2788
2773
2773
2773
2773
2773
2761
2761
2761
2761
2761
2744
2744
2744
2744
2744
2744
2734
2734
2734
2734
2734
2739
2739
2739
2739
2739
2745
2745
2745
2745
2745
2745
2740
2740
2740
2740
2740
2740
2740
2740
2740
2740
2734
2734
2734
2734
2734
2734
2731
2731
2731
2731
2731
2736
2736
2736
2736
2736
2744
2744
2744
2744
2744
2744
2758
2758
2758
2758
2758
2765
2765
2765
2765
2765
2780
2780
2780
2780
2780
2780
2793
2793
2793
2793
2793
2806
2806
2806
2806
2806
2807
2807
2807
2807
2807
2807
2813
2813
2813
2813
2813
2826
2826
2826
2826
2826
2838
2838
2838
2838
2838
2838
2832
2832
2832
2832
2832
2830
2830
2830
2830
2830
2836
2836
2836
2836
2836
2836
2837
2837
2837
2837
2837
2818
2818
2818
2818
2818
2814
2814
2814
2814
2814
2814
2811
2811
2811
2811
2811
2802
2802
2802
2802
2802
2809
2809
2809
2809
2809
2809
2789
2789
2789
2789
2789
2787
2787
2787
2787
2787
2782
2782
2782
2782
2782
2782
2761
2761
2761
2761
2761
2749
2749
2749
2749
2749
2741
2741
2741
2741
2741
2741
2743
2743
2743
2743
2743
2728
2728
2728
2728
2728
2724
2724
2724
2724
2724
2724
2734
2734
2734
2734
2734
2740
2740
2740
2740
2740
2736
2736
2736
2736
2736
2736
2748
2748
2748
2748
2748
2754
2754
2754
2754
2754
2780
2780
2780
2780
2780
2780
2794
2794
2794
2794
2794
2808
2808
2808
2808
2808
2844
2844
2844
2844
2844
2844
2852
2852
2852
2852
2852
2856
2856
2856
2856
2856
2848
2848
2848
2848
2848
2848
2857
2857
2857
2857
2857
2856
2856
2856
2856
2856
2842
2842
2842
2842
2842
2842
2826
2826
2826
2826
2826
2832
2832
2832
2832
2832
2826
2826
2826
2826
2826
2826
2803
2803
2803
2803
2803
2798
2798
2798
2798
2798
2777
2777
2777
2777
2777
2777
2790
2790
2790
2790
2790
2787
2787
2787
2787
2787
2777
2777
2777
2777
2777
2777
2772
2772
2772
2772
2772
2761
2761
2761
2761
2761
2744
2744
2744
2744
2744
2744
2720
2720
2720
2720
2720
2713
2713
2713
2713
2713
2734
2734
2734
2734
2734
2734
2728
2728
2728
2728
2728
2733
2733
2733
2733
2733
2730
2730
2730
2730
2730
2730
2743
2743
2743
2743
2743
2759
2759
2759
2759
2759
2761
2761
2761
2761
2761
2761
2766
2766
2766
2766
2766
2796
2796
2796
2796
2796
2809
2809
2809
2809
2809
2809
2811
2811
2811
2811
2811
2840
2840
2840
2840
2840
2836
2836
2836
2836
2836
2836
2841
2841
2841
2841
2841
2841
2841
2841
2841
2841
2848
2848
2848
2848
2848
2848
2852
2852
2852
2852
2852
2855
2855
2855
2855
2855
2843
2843
2843
2843
2843
2843
2829
2829
2829
2829
2829
2824
2824
2824
2824
2824
2819
2819
2819
2819
2819
2819
2806
2806
2806
2806
2806
2795
2795
2795
2795
2795
2796
2796
2796
2796
2796
2796
2781
2781
2781
2781
2781
2775
2775
2775
2775
2775
2767
2767
2767
2767
2767
2767
2758
2758
2758
2758
2758
2745
2745
2745
2745
2745
2728
2728
2728
2728
2728
2728
2733
2733
2733
2733
2733
2740
2740
2740
2740
2740
2744
2744
2744
2744
2744
2744
2755
2755
2755
2755
2755
2765
2765
2765
2765
2765
2783
2783
2783
2783
2783
2783
2792
2792
2792
2792
2792
2795
2795
2795
2795
2795
2796
2796
2796
2796
2796
2796
2815
2815
2815
2815
2815
2801
2801
2801
2801
2801
2826
2826
2826
2826
2826
2826
2819
2819
2819
2819
2819
2808
2808
2808
2808
2808
2820
2820
2820
2820
2820
2820
2819
2819
2819
2819
2819
2819
2819
2819
2819
2819
2835
2835
2835
2835
2835
2835
2836
2836
2836
2836
2836
2830
2830
2830
2830
2830
2821
2821
2821
2821
2821
2821
2823
2823
2823
2823
2823
2790
2790
2790
2790
2790
2781
2781
2781
2781
2781
2781
2765
2765
2765
2765
2765
2772
2772
2772
2772
2772
2758
2758
2758
2758
2758
2758
2762
2762
2762
2762
2762
2769
2769
2769
2769
2769
2744
2744
2744
2744
2744
2744
2761
2761
2761
2761
2761
2749
2749
2749
2749
2749
2775
2775
2775
2775
2775
2775
2756
2756
2756
2756
2756
2780
2780
2780
2780
2780
2778
2778
2778
2778
2778
2778
2790
2790
2790
2790
2790
2774
2774
2774
2774
2774
2785
2785
2785
2785
2785
2785
2788
2788
2788
2788
2788
2796
2796
2796
2796
2796
2808
2808
2808
2808
2808
2808
2802
2802
2802
2802
2802
2808
2808
2808
2808
2808
2819
2819
2819
2819
2819
2819
2823
2823
2823
2823
2823
2824
2824
2824
2824
2824
2799
2799
2799
2799
2799
2799
2816
2816
2816
2816
2816
2809
2809
2809
2809
2809
2803
2803
2803
2803
2803
2803
2814
2814
2814
2814
2814
2787
2787
2787
2787
2787
2792
2792
2792
2792
2792
2792
2782
2782
2782
2782
2782
2761
2761
2761
2761
2761
2768
2768
2768
2768
2768
2768
2786
2786
2786
2786
2786
2781
2781
2781
2781
2781
2789
2789
2789
2789
2789
2789
2797
2797
2797
2797
2797
2799
2799
2799
2799
2799
2781
2781
2781
2781
2781
2781
2766
2766
2766
2766
2766
2771
2771
2771
2771
2771
2773
2773
2773
2773
2773
2773
2779
2779
2779
2779
2779
2779
2779
2779
2779
2779
2778
2778
2778
2778
2778
2778
2766
2766
2766
2766
2766
2770
2770
2770
2770
2770
2778
2778
2778
2778
2778
2778
2790
2790
2790
2790
2790
2798
2798
2798
2798
2798
2824
2824
2824
2824
2824
2824
2827
2827
2827
2827
2827
2829
2829
2829
2829
2829
2811
2811
2811
2811
2811
2811
2813
2813
2813
2813
2813
2791
2791
2791
2791
2791
2797
2797
2797
2797
2797
2797
2803
2803
2803
2803
2803
2791
2791
2791
2791
2791
2791
2791
2791
2791
2791
2791
2778
2778
2778
2778
2778
2788
2788
2788
2788
2788
2789
2789
2789
2789
2789
2789
2784
2784
2784
2784
2784
2797
2797
2797
2797
2797
2791
2791
2791
2791
2791
2791
2799
2799
2799
2799
2799
2799
2799
2799
2799
2799
2797
2797
2797
2797
2797
2797
2789
2789
2789
2789
2789
2781
2781
2781
2781
2781
2777
2777
2777
2777
2777
2777
2783
2783
2783
2783
2783
2778
2778
2778
2778
2778
2787
2787
2787
2787
2787
2787
2792
2792
2792
2792
2792
2800
2800
2800
2800
2800
2796
2796
2796
2796
2796
2796
2793
2793
2793
2793
2793
2792
2792
2792
2792
2792
2799
2799
2799
2799
2799
2799
2799
2799
2799
2799
2799
2805
2805
2805
2805
2805
2795
2795
2795
2795
2795
2795
2796
2796
2796
2796
2796
2790
2790
2790
2790
2790
2787
2787
2787
2787
2787
2787
2771
2771
2771
2771
2771
2787
2787
2787
2787
2787
2789
2789
2789
2789
2789
2789
2804
2804
2804
2804
2804
2792
2792
2792
2792
2792
2796
2796
2796
2796
2796
2796
2795
2795
2795
2795
2795
2788
2788
2788
2788
2788
2788
2788
2788
2788
2788
2788
2784
2784
2784
2784
2784
2787
2787
2787
2787
2787
2792
2792
2792
2792
2792
2792
2778
2778
2778
2778
2778
2776
2776
2776
2776
2776
2774
2774
2774
2774
2774
2774
2781
2781
2781
2781
2781
2784
2784
2784
2784
2784
2787
2787
2787
2787
2787
2787
2795
2795
2795
2795
2795
2800
2800
2800
2800
2800
2811
2811
2811
2811
2811
2811
2798
2798
2798
2798
2798
2801
2801
2801
2801
2801
2797
2797
2797
2797
2797
2797
2790
2790
2790
2790
2790
2788
2788
2788
2788
2788
2795
2795
2795
2795
2795
2795
2797
2797
2797
2797
2797
2802
2802
2802
2802
2802
2781
2781
2781
2781
2781
2781
2786
2786
2786
2786
2786
2796
2796
2796
2796
2796
2792
2792
2792
2792
2792
2792
2798
2798
2798
2798
2798
2808
2808
2808
2808
2808
2818
2818
2818
2818
2818
2818
2803
2803
2803
2803
2803
2803
2803
2803
2803
2803
2795
2795
2795
2795
2795
2795
2798
2798
2798
2798
2798
2787
2787
2787
2787
2787
2777
2777
2777
2777
2777
2777
2785
2785
2785
2785
2785
2787
2787
2787
2787
2787
2786
2786
2786
2786
2786
2786
2782
2782
2782
2782
2782
2781
2781
2781
2781
2781
2790
2790
2790
2790
2790
2790
2787
2787
2787
2787
2787
2793
2793
2793
2793
2793
2786
2786
2786
2786
2786
2786
2801
2801
2801
2801
2801
2794
2794
2794
2794
2794
2789
2789
2789
2789
2789
2789
2779
2779
2779
2779
2779
2795
2795
2795
2795
2795
2786
2786
2786
2786
2786
2786
2769
2769
2769
2769
2769
2784
2784
2784
2784
2784
2786
2786
2786
2786
2786
2786
2788
2788
2788
2788
2788
2787
2787
2787
2787
2787
2792
2792
2792
2792
2792
2792
2800
2800
2800
2800
2800
2793
2793
2793
2793
2793
2793
2793
2793
2793
2793
2793
2815
2815
2815
2815
2815
2806
2806
2806
2806
2806
2812
2812
2812
2812
2812
2812
2812
2812
2812
2812
2812
2790
2790
2790
2790
2790
2806
2806
2806
2806
2806
2806
2783
2783
2783
2783
2783
2789
2789
2789
2789
2789
2799
2799
2799
2799
2799
2799
2795
2795
2795
2795
2795
2794
2794
2794
2794
2794
2782
2782
2782
2782
2782
2782
2777
2777
2777
2777
2777
2794
2794
2794
2794
2794
2779
2779
2779
2779
2779
2779
2777
2777
2777
2777
2777
2770
2770
2770
2770
2770
2778
2778
2778
2778
2778
2778
2784
2784
2784
2784
2784
2761
2761
2761
2761
2761
2766
2766
2766
2766
2766
2766
2768
2768
2768
2768
2768
2769
2769
2769
2769
2769
2773
2773
2773
2773
2773
2773
2784
2784
2784
2784
2784
2790
2790
2790
2790
2790
2783
2783
2783
2783
2783
2783
2769
2769
2769
2769
2769
2777
2777
2777
2777
2777
2791
2791
2791
2791
2791
2791
2792
2792
2792
2792
2792
2779
2779
2779
2779
2779
2787
2787
2787
2787
2787
2787
2796
2796
2796
2796
2796
2785
2785
2785
2785
2785
2779
2779
2779
2779
2779
2779
2778
2778
2778
2778
2778
2791
2791
2791
2791
2791
2791
2791
2791
2791
2791
2791
2781
2781
2781
2781
2781
2804
2804
2804
2804
2804
2799
2799
2799
2799
2799
2799
2810
2810
2810
2810
2810
2795
2795
2795
2795
2795
2811
2811
2811
2811
2811
2811
2824
2824
2824
2824
2824
2820
2820
2820
2820
2820
2809
2809
2809
2809
2809
2809
2819
2819
2819
2819
2819
2811
2811
2811
2811
2811
2809
2809
2809
2809
2809
2809
2789
2789
2789
2789
2789
2784
2784
2784
2784
2784
2770
2770
2770
2770
2770
2770
2767
2767
2767
2767
2767
2739
2739
2739
2739
2739
2741
2741
2741
2741
2741
2741
2744
2744
2744
2744
2744
2751
2751
2751
2751
2751
2747
2747
2747
2747
2747
2747
2764
2764
2764
2764
2764
2783
2783
2783
2783
2783
2796
2796
2796
2796
2796
2796
2786
2786
2786
2786
2786
2808
2808
2808
2808
2808
2808
2808
2808
2808
2808
2808
2797
2797
2797
2797
2797
2785
2785
2785
2785
2785
2775
2775
2775
2775
2775
2775
2765
2765
2765
2765
2765
2760
2760
2760
2760
2760
2750
2750
2750
2750
2750
2750
2762
2762
2762
2762
2762
2774
2774
2774
2774
2774
2778
2778
2778
2778
2778
2778
2776
2776
2776
2776
2776
2796
2796
2796
2796
2796
2810
2810
2810
2810
2810
2810
2799
2799
2799
2799
2799
2809
2809
2809
2809
2809
2820
2820
2820
2820
2820
2820
2808
2808
2808
2808
2808
2808
2808
2808
2808
2808
2784
2784
2784
2784
2784
2784
2784
2784
2784
2784
2784
2792
2792
2792
2792
2792
2778
2778
2778
2778
2778
2778
2778
2778
2778
2778
2778
2779
2779
2779
2779
2779
2776
2776
2776
2776
2776
2776
2780
2780
2780
2780
2780
2776
2776
2776
2776
2776
2778
2778
2778
2778
2778
2778
2777
2777
2777
2777
2777
2776
2776
2776
2776
2776
2774
2774
2774
2774
2774
2774
2785
2785
2785
2785
2785
2779
2779
2779
2779
2779
2781
2781
2781
2781
2781
2781
2764
2764
2764
2764
2764
2774
2774
2774
2774
2774
2779
2779
2779
2779
2779
2779
2775
2775
2775
2775
2775
2775
2775
2775
2775
2775
2765
2765
2765
2765
2765
2765
2771
2771
2771
2771
2771
2770
2770
2770
2770
2770
2753
2753
2753
2753
2753
2753
2769
2769
2769
2769
2769
2761
2761
2761
2761
2761
2759
2759
2759
2759
2759
2759
2764
2764
2764
2764
2764
2776
2776
2776
2776
2776
2783
2783
2783
2783
2783
2783
2793
2793
2793
2793
2793
2784
2784
2784
2784
2784
2788
2788
2788
2788
2788
2788
2807
2807
2807
2807
2807
2798
2798
2798
2798
2798
2794
2794
2794
2794
2794
2794
2805
2805
2805
2805
2805
2799
2799
2799
2799
2799
2799
2799
2799
2799
2799
2799
2792
2792
2792
2792
2792
2795
2795
2795
2795
2795
2789
2789
2789
2789
2789
2789
2782
2782
2782
2782
2782
2780
2780
2780
2780
2780
2782
2782
2782
2782
2782
2782
2784
2784
2784
2784
2784
2779
2779
2779
2779
2779
2764
2764
2764
2764
2764
2764
2774
2774
2774
2774
2774
2777
2777
2777
2777
2777
2778
2778
2778
2778
2778
2778
2785
2785
2785
2785
2785
2788
2788
2788
2788
2788
2792
2792
2792
2792
2792
2792
2798
2798
2798
2798
2798
2791
2791
2791
2791
2791
2794
2794
2794
2794
2794
2794
2797
2797
2797
2797
2797
2781
2781
2781
2781
2781
2785
2785
2785
2785
2785
2785
2775
2775
2775
2775
2775
2779
2779
2779
2779
2779
2773
2773
2773
2773
2773
2773
2776
2776
2776
2776
2776
2774
2774
2774
2774
2774
2774
2774
2774
2774
2774
2774
2770
2770
2770
2770
2770
2771
2771
2771
2771
2771
2776
2776
2776
2776
2776
2776
2795
2795
2795
2795
2795
2792
2792
2792
2792
2792
2789
2789
2789
2789
2789
2789
2796
2796
2796
2796
2796
2782
2782
2782
2782
2782
2787
2787
2787
2787
2787
2787
2773
2773
2773
2773
2773
2775
2775
2775
2775
2775
2752
2752
2752
2752
2752
2752
2737
2737
2737
2737
2737
2732
2732
2732
2732
2732
2742
2742
2742
2742
2742
2742
2727
2727
2727
2727
2727
2734
2734
2734
2734
2734
2736
2736
2736
2736
2736
2736
2756
2756
2756
2756
2756
2752
2752
2752
2752
2752
2769
2769
2769
2769
2769
2769
2767
2767
2767
2767
2767
2782
2782
2782
2782
2782
2783
2783
2783
2783
2783
2783
2793
2793
2793
2793
2793
2812
2812
2812
2812
2812
2802
2802
2802
2802
2802
2802
2815
2815
2815
2815
2815
2806
2806
2806
2806
2806
2822
2822
2822
2822
2822
2822
2836
2836
2836
2836
2836
2840
2840
2840
2840
2840
2852
2852
2852
2852
2852
2852
2858
2858
2858
2858
2858
2864
2864
2864
2864
2864
2858
2858
2858
2858
2858
2858
2832
2832
2832
2832
2832
2820
2820
2820
2820
2820
2808
2808
2808
2808
2808
2808
2785
2785
2785
2785
2785
2760
2760
2760
2760
2760
2731
2731
2731
2731
2731
2731
2714
2714
2714
2714
2714
2685
2685
2685
2685
2685
2658
2658
2658
2658
2658
2658
2660
2660
2660
2660
2660
2650
2650
2650
2650
2650
2638
2638
2638
2638
2638
2638
2656
2656
2656
2656
2656
2676
2676
2676
2676
2676
2690
2690
2690
2690
2690
2690
2701
2701
2701
2701
2701
2725
2725
2725
2725
2725
2752
2752
2752
2752
2752
2752
2774
2774
2774
2774
2774
2791
2791
2791
2791
2791
2811
2811
2811
2811
2811
2811
2832
2832
2832
2832
2832
2843
2843
2843
2843
2843
2854
2854
2854
2854
2854
2854
2869
2869
2869
2869
2869
2888
2888
2888
2888
2888
2909
2909
2909
2909
2909
2909
2925
2925
2925
2925
2925
2959
2959
2959
2959
2959
2977
2977
2977
2977
2977
2977
2981
2981
2981
2981
2981
2975
2975
2975
2975
2975
2965
2965
2965
2965
2965
2965
2948
2948
2948
2948
2948
2927
2927
2927
2927
2927
2865
2865
2865
2865
2865
2865
2826
2826
2826
2826
2826
2756
2756
2756
2756
2756
2693
2693
2693
2693
2693
2693
2632
2632
2632
2632
2632
2582
2582
2582
2582
2582
2551
2551
2551
2551
2551
2551
2515
2515
2515
2515
2515
2506
2506
2506
2506
2506
2512
2512
2512
2512
2512
2512
2537
2537
2537
2537
2537
2555
2555
2555
2555
2555
2584
2584
2584
2584
2584
2584
2624
2624
2624
2624
2624
2659
2659
2659
2659
2659
2695
2695
2695
2695
2695
2695
2747
2747
2747
2747
2747
2787
2787
2787
2787
2787
2822
2822
2822
2822
2822
2822
2861
2861
2861
2861
2861
2888
2888
2888
2888
2888
2916
2916
2916
2916
2916
2916
2942
2942
2942
2942
2942
2958
2958
2958
2958
2958
2979
2979
2979
2979
2979
2979
3009
3009
3009
3009
3009
3020
3020
3020
3020
3020
3025
3025
3025
3025
3025
3025
3028
3028
3028
3028
3028
3015
3015
3015
3015
3015
2988
2988
2988
2988
2988
2988
2957
2957
2957
2957
2957
2924
2924
2924
2924
2924
2886
2886
2886
2886
2886
2886
2831
2831
2831
2831
2831
2789
2789
2789
2789
2789
2736
2736
2736
2736
2736
2736
2678
2678
2678
2678
2678
2633
2633
2633
2633
2633
2591
2591
2591
2591
2591
2591
2561
2561
2561
2561
2561
2552
2552
2552
2552
2552
2527
2527
2527
2527
2527
2527
2533
2533
2533
2533
2533
2524
2524
2524
2524
2524
2531
2531
2531
2531
2531
2531
2570
2570
2570
2570
2570
2604
2604
2604
2604
2604
2648
2648
2648
2648
2648
2648
2707
2707
2707
2707
2707
2762
2762
2762
2762
2762
2798
2798
2798
2798
2798
2798
2843
2843
2843
2843
2843
2885
2885
2885
2885
2885
2916
2916
2916
2916
2916
2916
2948
2948
2948
2948
2948
2975
2975
2975
2975
2975
2988
2988
2988
2988
2988
2988
2987
2987
2987
2987
2987
2979
2979
2979
2979
2979
2981
2981
2981
2981
2981
2981
2961
2961
2961
2961
2961
2944
2944
2944
2944
2944
2927
2927
2927
2927
2927
2927
2888
2888
2888
2888
2888
2871
2871
2871
2871
2871
2864
2864
2864
2864
2864
2864
2821
2821
2821
2821
2821
2811
2811
2811
2811
2811
2796
2796
2796
2796
2796
2796
2766
2766
2766
2766
2766
2740
2740
2740
2740
2740
2715
2715
2715
2715
2715
2715
2719
2719
2719
2719
2719
2689
2689
2689
2689
2689
2668
2668
2668
2668
2668
2668
2637
2637
2637
2637
2637
2630
2630
2630
2630
2630
2612
2612
2612
2612
2612
2612
2620
2620
2620
2620
2620
2628
2628
2628
2628
2628
2649
2649
2649
2649
2649
2649
2682
2682
2682
2682
2682
2708
2708
2708
2708
2708
2743
2743
2743
2743
2743
2743
2784
2784
2784
2784
2784
2813
2813
2813
2813
2813
2846
2846
2846
2846
2846
2846
2871
2871
2871
2871
2871
2895
2895
2895
2895
2895
2918
2918
2918
2918
2918
2918
2903
2903
2903
2903
2903
2909
2909
2909
2909
2909
2910
2910
2910
2910
2910
2910
2876
2876
2876
2876
2876
2849
2849
2849
2849
2849
2834
2834
2834
2834
2834
2834
2812
2812
2812
2812
2812
2790
2790
2790
2790
2790
2775
2775
2775
2775
2775
2775
2761
2761
2761
2761
2761
2768
2768
2768
2768
2768
2756
2756
2756
2756
2756
2756
2757
2757
2757
2757
2757
2769
2769
2769
2769
2769
2767
2767
2767
2767
2767
2767
2767
2767
2767
2767
2767
2768
2768
2768
2768
2768
2774
2774
2774
2774
2774
2774
2770
2770
2770
2770
2770
2756
2756
2756
2756
2756
2749
2749
2749
2749
2749
2749
2757
2757
2757
2757
2757
2751
2751
2751
2751
2751
2750
2750
2750
2750
2750
2750
2752
2752
2752
2752
2752
2765
2765
2765
2765
2765
2783
2783
2783
2783
2783
2783
2784
2784
2784
2784
2784
2793
2793
2793
2793
2793
2809
2809
2809
2809
2809
2809
2825
2825
2825
2825
2825
2827
2827
2827
2827
2827
2834
2834
2834
2834
2834
2834
2830
2830
2830
2830