2812
2812
2812
2812
2815
2815
2815
2815
2815
2815
2813
2813
2813
2813
2813
2807
2807
2807
2807
2807
2824
2824
2824
2824
2824
2824
2809
2809
2809
2809
2809
2798
2798
2798
2798
2798
2810
2810
2810
2810
2810
2810
2828
2828
2828
2828
2828
2813
2813
2813
2813
2813
2807
2807
2807
2807
2807
2807
2813
2813
2813
2813
2813
2814
2814
2814
2814
2814
2813
2813
2813
2813
2813
2813
2813
2813
2813
2813
2813
2805
2805
2805
2805
2805
2817
2817
2817
2817
2817
2817
2806
2806
2806
2806
2806
2820
2820
2820
2820
2820
2814
2814
2814
2814
2814
2814
2813
2813
2813
2813
2813
2812
2812
2812
2812
2812
2818
2818
2818
2818
2818
2818
2805
2805
2805
2805
2805
2810
2810
2810
2810
2810
2809
2809
2809
2809
2809
2809
2819
2819
2819
2819
2819
2815
2815
2815
2815
2815
2820
2820
2820
2820
2820
2820
2814
2814
2814
2814
2814
2806
2806
2806
2806
2806
2802
2802
2802
2802
2802
2802
2810
2810
2810
2810
2810
2827
2827
2827
2827
2827
2824
2824
2824
2824
2824
2824
2808
2808
2808
2808
2808
2819
2819
2819
2819
2819
2805
2805
2805
2805
2805
2805
2805
2805
2805
2805
2805
2807
2807
2807
2807
2807
2818
2818
2818
2818
2818
2818
2818
2818
2818
2818
2818
2817
2817
2817
2817
2817
2828
2828
2828
2828
2828
2828
2803
2803
2803
2803
2803
2830
2830
2830
2830
2830
2820
2820
2820
2820
2820
2820
2828
2828
2828
2828
2828
2814
2814
2814
2814
2814
2815
2815
2815
2815
2815
2815
2829
2829
2829
2829
2829
2815
2815
2815
2815
2815
2806
2806
2806
2806
2806
2806
2818
2818
2818
2818
2818
2829
2829
2829
2829
2829
2810
2810
2810
2810
2810
2810
2821
2821
2821
2821
2821
2813
2813
2813
2813
2813
2813
2813
2813
2813
2813
2813
2810
2810
2810
2810
2810
2830
2830
2830
2830
2830
2827
2827
2827
2827
2827
2827
2821
2821
2821
2821
2821
2814
2814
2814
2814
2814
2819
2819
2819
2819
2819
2819
2810
2810
2810
2810
2810
2806
2806
2806
2806
2806
2823
2823
2823
2823
2823
2823
2807
2807
2807
2807
2807
2813
2813
2813
2813
2813
2823
2823
2823
2823
2823
2823
2827
2827
2827
2827
2827
2825
2825
2825
2825
2825
2827
2827
2827
2827
2827
2827
2832
2832
2832
2832
2832
2831
2831
2831
2831
2831
2832
2832
2832
2832
2832
2832
2835
2835
2835
2835
2835
2829
2829
2829
2829
2829
2825
2825
2825
2825
2825
2825
2826
2826
2826
2826
2826
2816
2816
2816
2816
2816
2814
2814
2814
2814
2814
2814
2809
2809
2809
2809
2809
2819
2819
2819
2819
2819
2816
2816
2816
2816
2816
2816
2821
2821
2821
2821
2821
2831
2831
2831
2831
2831
2836
2836
2836
2836
2836
2836
2832
2832
2832
2832
2832
2843
2843
2843
2843
2843
2838
2838
2838
2838
2838
2838
2827
2827
2827
2827
2827
2821
2821
2821
2821
2821
2822
2822
2822
2822
2822
2822
2823
2823
2823
2823
2823
2819
2819
2819
2819
2819
2807
2807
2807
2807
2807
2807
2815
2815
2815
2815
2815
2816
2816
2816
2816
2816
2822
2822
2822
2822
2822
2822
2825
2825
2825
2825
2825
2828
2828
2828
2828
2828
2808
2808
2808
2808
2808
2808
2811
2811
2811
2811
2811
2816
2816
2816
2816
2816
2795
2795
2795
2795
2795
2795
2793
2793
2793
2793
2793
2780
2780
2780
2780
2780
2778
2778
2778
2778
2778
2778
2789
2789
2789
2789
2789
2803
2803
2803
2803
2803
2820
2820
2820
2820
2820
2820
2832
2832
2832
2832
2832
2842
2842
2842
2842
2842
2842
2842
2842
2842
2842
2842
2831
2831
2831
2831
2831
2815
2815
2815
2815
2815
2804
2804
2804
2804
2804
2804
2801
2801
2801
2801
2801
2787
2787
2787
2787
2787
2791
2791
2791
2791
2791
2791
2790
2790
2790
2790
2790
2793
2793
2793
2793
2793
2810
2810
2810
2810
2810
2810
2828
2828
2828
2828
2828
2844
2844
2844
2844
2844
2858
2858
2858
2858
2858
2858
2841
2841
2841
2841
2841
2771
2771
2771
2771
2771
2673
2673
2673
2673
2673
2673
2568
2568
2568
2568
2568
2477
2477
2477
2477
2477
2423
2423
2423
2423
2423
2423
2452
2452
2452
2452
2452
2549
2549
2549
2549
2549
2739
2739
2739
2739
2739
2739
2952
2952
2952
2952
2952
3193
3193
3193
3193
3193
3389
3389
3389
3389
3389
3389
3501
3501
3501
3501
3501
3538
3538
3538
3538
3538
3472
3472
3472
3472
3472
3472
3311
3311
3311
3311
3311
3101
3101
3101
3101
3101
2901
2901
2901
2901
2901
2901
2728
2728
2728
2728
2728
2615
2615
2615
2615
2615
2561
2561
2561
2561
2561
2561
2552
2552
2552
2552
2552
2569
2569
2569
2569
2569
2594
2594
2594
2594
2594
2594
2623
2623
2623
2623
2623
2623
2623
2623
2623
2623
2592
2592
2592
2592
2592
2592
2563
2563
2563
2563
2563
2541
2541
2541
2541
2541
2528
2528
2528
2528
2528
2528
2525
2525
2525
2525
2525
2571
2571
2571
2571
2571
2622
2622
2622
2622
2622
2622
2688
2688
2688
2688
2688
2774
2774
2774
2774
2774
2843
2843
2843
2843
2843
2843
2912
2912
2912
2912
2912
2983
2983
2983
2983
2983
3059
3059
3059
3059
3059
3059
3147
3147
3147
3147
3147
3215
3215
3215
3215
3215
3293
3293
3293
3293
3293
3293
3334
3334
3334
3334
3334
3328
3328
3328
3328
3328
3295
3295
3295
3295
3295
3295
3221
3221
3221
3221
3221
3109
3109
3109
3109
3109
2989
2989
2989
2989
2989
2989
2872
2872
2872
2872
2872
2799
2799
2799
2799
2799
2757
2757
2757
2757
2757
2757
2755
2755
2755
2755
2755
2751
2751
2751
2751
2751
2767
2767
2767
2767
2767
2767
2763
2763
2763
2763
2763
2759
2759
2759
2759
2759
2735
2735
2735
2735
2735
2735
2694
2694
2694
2694
2694
2661
2661
2661
2661
2661
2615
2615
2615
2615
2615
2615
2577
2577
2577
2577
2577
2555
2555
2555
2555
2555
2556
2556
2556
2556
2556
2556
2548
2548
2548
2548
2548
2555
2555
2555
2555
2555
2606
2606
2606
2606
2606
2606
2650
2650
2650
2650
2650
2697
2697
2697
2697
2697
2770
2770
2770
2770
2770
2770
2816
2816
2816
2816
2816
2896
2896
2896
2896
2896
2947
2947
2947
2947
2947
2947
2977
2977
2977
2977
2977
2978
2978
2978
2978
2978
2952
2952
2952
2952
2952
2952
2933
2933
2933
2933
2933
2869
2869
2869
2869
2869
2825
2825
2825
2825
2825
2825
2794
2794
2794
2794
2794
2806
2806
2806
2806
2806
2840
2840
2840
2840
2840
2840
2904
2904
2904
2904
2904
2985
2985
2985
2985
2985
3066
3066
3066
3066
3066
3066
3112
3112
3112
3112
3112
3137
3137
3137
3137
3137
3116
3116
3116
3116
3116
3116
3076
3076
3076
3076
3076
2991
2991
2991
2991
2991
2899
2899
2899
2899
2899
2899
2804
2804
2804
2804
2804
2713
2713
2713
2713
2713
2654
2654
2654
2654
2654
2654
2606
2606
2606
2606
2606
2589
2589
2589
2589
2589
2609
2609
2609
2609
2609
2609
2652
2652
2652
2652
2652
2695
2695
2695
2695
2695
2738
2738
2738
2738
2738
2738
2799
2799
2799
2799
2799
2830
2830
2830
2830
2830
2835
2835
2835
2835
2835
2835
2824
2824
2824
2824
2824
2800
2800
2800
2800
2800
2766
2766
2766
2766
2766
2766
2730
2730
2730
2730
2730
2712
2712
2712
2712
2712
2715
2715
2715
2715
2715
2715
2744
2744
2744
2744
2744
2811
2811
2811
2811
2811
2866
2866
2866
2866
2866
2866
2920
2920
2920
2920
2920
2991
2991
2991
2991
2991
3050
3050
3050
3050
3050
3050
3081
3081
3081
3081
3081
3084
3084
3084
3084
3084
3084
3084
3084
3084
3084
3084
3056
3056
3056
3056
3056
3002
3002
3002
3002
3002
2937
2937
2937
2937
2937
2937
2871
2871
2871
2871
2871
2814
2814
2814
2814
2814
2764
2764
2764
2764
2764
2764
2740
2740
2740
2740
2740
2738
2738
2738
2738
2738
2754
2754
2754
2754
2754
2754
2804
2804
2804
2804
2804
2837
2837
2837
2837
2837
2838
2838
2838
2838
2838
2838
2845
2845
2845
2845
2845
2831
2831
2831
2831
2831
2792
2792
2792
2792
2792
2792
2743
2743
2743
2743
2743
2712
2712
2712
2712
2712
2686
2686
2686
2686
2686
2686
2681
2681
2681
2681
2681
2691
2691
2691
2691
2691
2720
2720
2720
2720
2720
2720
2775
2775
2775
2775
2775
2816
2816
2816
2816
2816
2865
2865
2865
2865
2865
2865
2896
2896
2896
2896
2896
2913
2913
2913
2913
2913
2951
2951
2951
2951
2951
2951
2942
2942
2942
2942
2942
2926
2926
2926
2926
2926
2915
2915
2915
2915
2915
2915
2900
2900
2900
2900
2900
2874
2874
2874
2874
2874
2843
2843
2843
2843
2843
2843
2841
2841
2841
2841
2841
2861
2861
2861
2861
2861
2889
2889
2889
2889
2889
2889
2935
2935
2935
2935
2935
2971
2971
2971
2971
2971
3012
3012
3012
3012
3012
3012
3016
3016
3016
3016
3016
3002
3002
3002
3002
3002
2956
2956
2956
2956
2956
2956
2876
2876
2876
2876
2876
2833
2833
2833
2833
2833
2764
2764
2764
2764
2764
2764
2709
2709
2709
2709
2709
2676
2676
2676
2676
2676
2684
2684
2684
2684
2684
2684
2698
2698
2698
2698
2698
2727
2727
2727
2727
2727
2763
2763
2763
2763
2763
2763
2789
2789
2789
2789
2789
2812
2812
2812
2812
2812
2837
2837
2837
2837
2837
2837
2842
2842
2842
2842
2842
2848
2848
2848
2848
2848
2841
2841
2841
2841
2841
2841
2832
2832
2832
2832
2832
2810
2810
2810
2810
2810
2788
2788
2788
2788
2788
2788
2793
2793
2793
2793
2793
2792
2792
2792
2792
2792
2797
2797
2797
2797
2797
2797
2837
2837
2837
2837
2837
2885
2885
2885
2885
2885
2928
2928
2928
2928
2928
2928
2962
2962
2962
2962
2962
2980
2980
2980
2980
2980
3003
3003
3003
3003
3003
3003
2995
2995
2995
2995
2995
2978
2978
2978
2978
2978
2944
2944
2944
2944
2944
2944
2924
2924
2924
2924
2924
2893
2893
2893
2893
2893
2871
2871
2871
2871
2871
2871
2840
2840
2840
2840
2840
2825
2825
2825
2825
2825
2834
2834
2834
2834
2834
2834
2838
2838
2838
2838
2838
2833
2833
2833
2833
2833
2856
2856
2856
2856
2856
2856
2872
2872
2872
2872
2872
2867
2867
2867
2867
2867
2849
2849
2849
2849
2849
2849
2831
2831
2831
2831
2831
2785
2785
2785
2785
2785
2766
2766
2766
2766
2766
2766
2744
2744
2744
2744
2744
2712
2712
2712
2712
2712
2701
2701
2701
2701
2701
2701
2713
2713
2713
2713
2713
2757
2757
2757
2757
2757
2784
2784
2784
2784
2784
2784
2826
2826
2826
2826
2826
2895
2895
2895
2895
2895
2905
2905
2905
2905
2905
2905
2932
2932
2932
2932
2932
2937
2937
2937
2937
2937
2949
2949
2949
2949
2949
2949
2924
2924
2924
2924
2924
2915
2915
2915
2915
2915
2905
2905
2905
2905
2905
2905
2899
2899
2899
2899
2899
2901
2901
2901
2901
2901
2933
2933
2933
2933
2933
2933
2928
2928
2928
2928
2928
2944
2944
2944
2944
2944
2962
2962
2962
2962
2962
2962
2951
2951
2951
2951
2951
2926
2926
2926
2926
2926
2926
2926
2926
2926
2926
2926
2902
2902
2902
2902
2902
2875
2875
2875
2875
2875
2839
2839
2839
2839
2839
2839
2812
2812
2812
2812
2812
2807
2807
2807
2807
2807
2801
2801
2801
2801
2801
2801
2800
2800
2800
2800
2800
2789
2789
2789
2789
2789
2797
2797
2797
2797
2797
2797
2802
2802
2802
2802
2802
2814
2814
2814
2814
2814
2826
2826
2826
2826
2826
2826
2843
2843
2843
2843
2843
2856
2856
2856
2856
2856
2884
2884
2884
2884
2884
2884
2879
2879
2879
2879
2879
2876
2876
2876
2876
2876
2879
2879
2879
2879
2879
2879
2865
2865
2865
2865
2865
2844
2844
2844
2844
2844
2837
2837
2837
2837
2837
2837
2836
2836
2836
2836
2836
2838
2838
2838
2838
2838
2868
2868
2868
2868
2868
2868
2890
2890
2890
2890
2890
2914
2914
2914
2914
2914
2952
2952
2952
2952
2952
2952
2977
2977
2977
2977
2977
2974
2974
2974
2974
2974
2973
2973
2973
2973
2973
2973
2965
2965
2965
2965
2965
2948
2948
2948
2948
2948
2910
2910
2910
2910
2910
2910
2878
2878
2878
2878
2878
2868
2868
2868
2868
2868
2851
2851
2851
2851
2851
2851
2849
2849
2849
2849
2849
2860
2860
2860
2860
2860
2866
2866
2866
2866
2866
2866
2876
2876
2876
2876
2876
2898
2898
2898
2898
2898
2889
2889
2889
2889
2889
2889
2868
2868
2868
2868
2868
2862
2862
2862
2862
2862
2851
2851
2851
2851
2851
2851
2822
2822
2822
2822
2822
2817
2817
2817
2817
2817
2829
2829
2829
2829
2829
2829
2840
2840
2840
2840
2840
2835
2835
2835
2835
2835
2852
2852
2852
2852
2852
2852
2849
2849
2849
2849
2849
2879
2879
2879
2879
2879
2879
2879
2879
2879
2879
2879
2881
2881
2881
2881
2881
2891
2891
2891
2891
2891
2901
2901
2901
2901
2901
2901
2917
2917
2917
2917
2917
2914
2914
2914
2914
2914
2921
2921
2921
2921
2921
2921
2943
2943
2943
2943
2943
2956
2956
2956
2956
2956
2961
2961
2961
2961
2961
2961
2948
2948
2948
2948
2948
2963
2963
2963
2963
2963
2954
2954
2954
2954
2954
2954
2937
2937
2937
2937
2937
2937
2937
2937
2937
2937
2930
2930
2930
2930
2930
2930
2916
2916
2916
2916
2916
2930
2930
2930
2930
2930
2925
2925
2925
2925
2925
2925
2932
2932
2932
2932
2932
2902
2902
2902
2902
2902
2892
2892
2892
2892
2892
2892
2865
2865
2865
2865
2865
2838
2838
2838
2838
2838
2841
2841
2841
2841
2841
2841
2825
2825
2825
2825
2825
2824
2824
2824
2824
2824
2818
2818
2818
2818
2818
2818
2844
2844
2844
2844
2844
2852
2852
2852
2852
2852
2870
2870
2870
2870
2870
2870
2866
2866
2866
2866
2866
2887
2887
2887
2887
2887
2887
2887
2887
2887
2887
2887
2889
2889
2889
2889
2889
2897
2897
2897
2897
2897
2878
2878
2878
2878
2878
2878
2899
2899
2899
2899
2899
2900
2900
2900
2900
2900
2908
2908
2908
2908
2908
2908
2925
2925
2925
2925
2925
2949
2949
2949
2949
2949
2953
2953
2953
2953
2953
2953
2974
2974
2974
2974
2974
2967
2967
2967
2967
2967
2972
2972
2972
2972
2972
2972
2962
2962
2962
2962
2962
2943
2943
2943
2943
2943
2928
2928
2928
2928
2928
2928
2903
2903
2903
2903
2903
2893
2893
2893
2893
2893
2896
2896
2896
2896
2896
2896
2891
2891
2891
2891
2891
2893
2893
2893
2893
2893
2891
2891
2891
2891
2891
2891
2900
2900
2900
2900
2900
2893
2893
2893
2893
2893
2880
2880
2880
2880
2880
2880
2884
2884
2884
2884
2884
2873
2873
2873
2873
2873
2871
2871
2871
2871
2871
2871
2860
2860
2860
2860
2860
2859
2859
2859
2859
2859
2848
2848
2848
2848
2848
2848
2849
2849
2849
2849
2849
2864
2864
2864
2864
2864
2850
2850
2850
2850
2850
2850
2869
2869
2869
2869
2869
2889
2889
2889
2889
2889
2881
2881
2881
2881
2881
2881
2906
2906
2906
2906
2906
2919
2919
2919
2919
2919
2917
2917
2917
2917
2917
2917
2926
2926
2926
2926
2926
2924
2924
2924
2924
2924
2924
2924
2924
2924
2924
2924
2930
2930
2930
2930
2930
2915
2915
2915
2915
2915
2914
2914
2914
2914
2914
2914
2909
2909
2909
2909
2909
2905
2905
2905
2905
2905
2897
2897
2897
2897
2897
2897
2904
2904
2904
2904
2904
2902
2902
2902
2902
2902
2903
2903
2903
2903
2903
2903
2910
2910
2910
2910
2910
2911
2911
2911
2911
2911
2905
2905
2905
2905
2905
2905
2913
2913
2913
2913
2913
2907
2907
2907
2907
2907
2897
2897
2897
2897
2897
2897
2888
2888
2888
2888
2888
2882
2882
2882
2882
2882
2871
2871
2871
2871
2871
2871
2874
2874
2874
2874
2874
2870
2870
2870
2870
2870
2868
2868
2868
2868
2868
2868
2873
2873
2873
2873
2873
2888
2888
2888
2888
2888
2893
2893
2893
2893
2893
2893
2889
2889
2889
2889
2889
2884
2884
2884
2884
2884
2879
2879
2879
2879
2879
2879
2867
2867
2867
2867
2867
2875
2875
2875
2875
2875
2882
2882
2882
2882
2882
2882
2877
2877
2877
2877
2877
2887
2887
2887
2887
2887
2891
2891
2891
2891
2891
2891
2894
2894
2894
2894
2894
2901
2901
2901
2901
2901
2904
2904
2904
2904
2904
2904
2904
2904
2904
2904
2904
2904
2904
2904
2904
2904
2902
2902
2902
2902
2902
2902
2904
2904
2904
2904
2904
2905
2905
2905
2905
2905
2895
2895
2895
2895
2895
2895
2886
2886
2886
2886
2886
2889
2889
2889
2889
2889
2886
2886
2886
2886
2886
2886
2871
2871
2871
2871
2871
2886
2886
2886
2886
2886
2884
2884
2884
2884
2884
2884
2891
2891
2891
2891
2891
2874
2874
2874
2874
2874
2871
2871
2871
2871
2871
2871
2867
2867
2867
2867
2867
2875
2875
2875
2875
2875
2870
2870
2870
2870
2870
2870
2855
2855
2855
2855
2855
2848
2848
2848
2848
2848
2860
2860
2860
2860
2860
2860
2851
2851
2851
2851
2851
2850
2850
2850
2850
2850
2841
2841
2841
2841
2841
2841
2849
2849
2849
2849
2849
2850
2850
2850
2850
2850
2845
2845
2845
2845
2845
2845
2863
2863
2863
2863
2863
2872
2872
2872
2872
2872
2873
2873
2873
2873
2873
2873
2881
2881
2881
2881
2881
2862
2862
2862
2862
2862
2871
2871
2871
2871
2871
2871
2876
2876
2876
2876
2876
2871
2871
2871
2871
2871
2870
2870
2870
2870
2870
2870
2855
2855
2855
2855
2855
2862
2862
2862
2862
2862
2864
2864
2864
2864
2864
2864
2873
2873
2873
2873
2873
2872
2872
2872
2872
2872
2884
2884
2884
2884
2884
2884
2882
2882
2882
2882
2882
2875
2875
2875
2875
2875
2873
2873
2873
2873
2873
2873
2881
2881
2881
2881
2881
2880
2880
2880
2880
2880
2857
2857
2857
2857
2857
2857
2849
2849
2849
2849
2849
2848
2848
2848
2848
2848
2848
2848
2848
2848
2848
2848
2836
2836
2836
2836
2836
2826
2826
2826
2826
2826
2847
2847
2847
2847
2847
2847
2837
2837
2837
2837
2837
2826
2826
2826
2826
2826
2825
2825
2825
2825
2825
2825
2833
2833
2833
2833
2833
2834
2834
2834
2834
2834
2837
2837
2837
2837
2837
2837
2845
2845
2845
2845
2845
2839
2839
2839
2839
2839
2850
2850
2850
2850
2850
2850
2854
2854
2854
2854
2854
2833
2833
2833
2833
2833
2830
2830
2830
2830
2830
2830
2829
2829
2829
2829
2829
2844
2844
2844
2844
2844
2838
2838
2838
2838
2838
2838
2832
2832
2832
2832
2832
2848
2848
2848
2848
2848
2845
2845
2845
2845
2845
2845
2850
2850
2850
2850
2850
2855
2855
2855
2855
2855
2854
2854
2854
2854
2854
2854
2846
2846
2846
2846
2846
2854
2854
2854
2854
2854
2851
2851
2851
2851
2851
2851
2847
2847
2847
2847
2847
2842
2842
2842
2842
2842
2847
2847
2847
2847
2847
2847
2837
2837
2837
2837
2837
2827
2827
2827
2827
2827
2831
2831
2831
2831
2831
2831
2827
2827
2827
2827
2827
2834
2834
2834
2834
2834
2840
2840
2840
2840
2840
2840
2824
2824
2824
2824
2824
2821
2821
2821
2821
2821
2812
2812
2812
2812
2812
2812
2813
2813
2813
2813
2813
2815
2815
2815
2815
2815
2810
2810
2810
2810
2810
2810
2812
2812
2812
2812
2812
2823
2823
2823
2823
2823
2817
2817
2817
2817
2817
2817
2829
2829
2829
2829
2829
2829
2829
2829
2829
2829
2834
2834
2834
2834
2834
2834
2811
2811
2811
2811
2811
2830
2830
2830
2830
2830
2823
2823
2823
2823
2823
2823
2828
2828
2828
2828
2828
2833
2833
2833
2833
2833
2828
2828
2828
2828
2828
2828
2830
2830
2830
2830
2830
2831
2831
2831
2831
2831
2829
2829
2829
2829
2829
2829
2830
2830
2830
2830
2830
2815
2815
2815
2815
2815
2824
2824
2824
2824
2824
2824
2826
2826
2826
2826
2826
2809
2809
2809
2809
2809
2824
2824
2824
2824
2824
2824
2812
2812
2812
2812
2812
2804
2804
2804
2804
2804
2812
2812
2812
2812
2812
2812
2808
2808
2808
2808
2808
2805
2805
2805
2805
2805
2797
2797
2797
2797
2797
2797
2805
2805
2805
2805
2805
2805
2805
2805
2805
2805
2799
2799
2799
2799
2799
2799
2811
2811
2811
2811
2811
2819
2819
2819
2819
2819
2812
2812
2812
2812
2812
2812
2811
2811
2811
2811
2811
2815
2815
2815
2815
2815
2813
2813
2813
2813
2813
2813
2804
2804
2804
2804
2804
2800
2800
2800
2800
2800
2802
2802
2802
2802
2802
2802
2801
2801
2801
2801
2801
2799
2799
2799
2799
2799
2789
2789
2789
2789
2789
2789
2783
2783
2783
2783
2783
2805
2805
2805
2805
2805
2812
2812
2812
2812
2812
2812
2806
2806
2806
2806
2806
2802
2802
2802
2802
2802
2815
2815
2815
2815
2815
2815
2818
2818
2818
2818
2818
2810
2810
2810
2810
2810
2804
2804
2804
2804
2804
2804
2808
2808
2808
2808
2808
2813
2813
2813
2813
2813
2805
2805
2805
2805
2805
2805
2810
2810
2810
2810
2810
2809
2809
2809
2809
2809
2803
2803
2803
2803
2803
2803
2809
2809
2809
2809
2809
2815
2815
2815
2815
2815
2801
2801
2801
2801
2801
2801
2795
2795
2795
2795
2795
2812
2812
2812
2812
2812
2800
2800
2800
2800
2800
2800
2793
2793
2793
2793
2793
2806
2806
2806
2806
2806
2802
2802
2802
2802
2802
2802
2800
2800
2800
2800
2800
2806
2806
2806
2806
2806
2790
2790
2790
2790
2790
2790
2804
2804
2804
2804
2804
2793
2793
2793
2793
2793
2796
2796
2796
2796
2796
2796
2799
2799
2799
2799
2799
2797
2797
2797
2797
2797
2805
2805
2805
2805
2805
2805
2792
2792
2792
2792
2792
2801
2801
2801
2801
2801
2802
2802
2802
2802
2802
2802
2811
2811
2811
2811
2811
2809
2809
2809
2809
2809
2799
2799
2799
2799
2799
2799
2805
2805
2805
2805
2805
2806
2806
2806
2806
2806
2789
2789
2789
2789
2789
2789
2790
2790
2790
2790
2790
2811
2811
2811
2811
2811
2803
2803
2803
2803
2803
2803
2794
2794
2794
2794
2794
2805
2805
2805
2805
2805
2803
2803
2803
2803
2803
2803
2797
2797
2797
2797
2797
2805
2805
2805
2805
2805
2798
2798
2798
2798
2798
2798
2785
2785
2785
2785
2785
2795
2795
2795
2795
2795
2805
2805
2805
2805
2805
2805
2781
2781
2781
2781
2781
2787
2787
2787
2787
2787
2793
2793
2793
2793
2793
2793
2790
2790
2790
2790
2790
2785
2785
2785
2785
2785
2783
2783
2783
2783
2783
2783
2781
2781
2781
2781
2781
2777
2777
2777
2777
2777
2792
2792
2792
2792
2792
2792
2775
2775
2775
2775
2775
2789
2789
2789
2789
2789
2787
2787
2787
2787
2787
2787
2792
2792
2792
2792
2792
2779
2779
2779
2779
2779
2777
2777
2777
2777
2777
2777
2795
2795
2795
2795
2795
2780
2780
2780
2780
2780
2772
2772
2772
2772
2772
2772
2781
2781
2781
2781
2781
2774
2774
2774
2774
2774
2771
2771
2771
2771
2771
2771
2786
2786
2786
2786
2786
2791
2791
2791
2791
2791
2782
2782
2782
2782
2782
2782
2787
2787
2787
2787
2787
2796
2796
2796
2796
2796
2789
2789
2789
2789
2789
2789
2795
2795
2795
2795
2795
2799
2799
2799
2799
2799
2796
2796
2796
2796
2796
2796
2775
2775
2775
2775
2775
2777
2777
2777
2777
2777
2777
2777
2777
2777
2777
2777
2773
2773
2773
2773
2773
2760
2760
2760
2760
2760
2778
2778
2778
2778
2778
2778
2783
2783
2783
2783
2783
2764
2764
2764
2764
2764
2775
2775
2775
2775
2775
2775
2773
2773
2773
2773
2773
2782
2782
2782
2782
2782
2780
2780
2780
2780
2780
2780
2787
2787
2787
2787
2787
2782
2782
2782
2782
2782
2781
2781
2781
2781
2781
2781
2784
2784
2784
2784
2784
2775
2775
2775
2775
2775
2775
2775
2775
2775
2775
2775
2774
2774
2774
2774
2774
2772
2772
2772
2772
2772
2776
2776
2776
2776
2776
2776
2781
2781
2781
2781
2781
2781
2781
2781
2781
2781
2791
2791
2791
2791
2791
2791
2780
2780
2780
2780
2780
2791
2791
2791
2791
2791
2787
2787
2787
2787
2787
2787
2785
2785
2785
2785
2785
2789
2789
2789
2789
2789
2796
2796
2796
2796
2796
2796
2788
2788
2788
2788
2788
2788
2788
2788
2788
2788
2771
2771
2771
2771
2771
2771
2757
2757
2757
2757
2757
2741
2741
2741
2741
2741
2739
2739
2739
2739
2739
2739
2719
2719
2719
2719
2719
2720
2720
2720
2720
2720
2731
2731
2731
2731
2731
2731
2751
2751
2751
2751
2751
2758
2758
2758
2758
2758
2761
2761
2761
2761
2761
2761
2786
2786
2786
2786
2786
2796
2796
2796
2796
2796
2787
2787
2787
2787
2787
2787
2788
2788
2788
2788
2788
2767
2767
2767
2767
2767
2771
2771
2771
2771
2771
2771
2762
2762
2762
2762
2762
2755
2755
2755
2755
2755
2753
2753
2753
2753
2753
2753
2741
2741
2741
2741
2741
2759
2759
2759
2759
2759
2776
2776
2776
2776
2776
2776
2765
2765
2765
2765
2765
2778
2778
2778
2778
2778
2788
2788
2788
2788
2788
2788
2779
2779
2779
2779
2779
2774
2774
2774
2774
2774
2765
2765
2765
2765
2765
2765
2751
2751
2751
2751
2751
2745
2745
2745
2745
2745
2749
2749
2749
2749
2749
2749
2749
2749
2749
2749
2749
2735
2735
2735
2735
2735
2754
2754
2754
2754
2754
2754
2761
2761
2761
2761
2761
2756
2756
2756
2756
2756
2763
2763
2763
2763
2763
2763
2755
2755
2755
2755
2755
2753
2753
2753
2753
2753
2746
2746
2746
2746
2746
2746
2736
2736
2736
2736
2736
2753
2753
2753
2753
2753
2754
2754
2754
2754
2754
2754
2740
2740
2740
2740
2740
2742
2742
2742
2742
2742
2737
2737
2737
2737
2737
2737
2731
2731
2731
2731
2731
2733
2733
2733
2733
2733
2733
2733
2733
2733
2733
2733
2739
2739
2739
2739
2739
2745
2745
2745
2745
2745
2743
2743
2743
2743
2743
2743
2744
2744
2744
2744
2744
2760
2760
2760
2760
2760
2754
2754
2754
2754
2754
2754
2759
2759
2759
2759
2759
2752
2752
2752
2752
2752
2763
2763
2763
2763
2763
2763
2754
2754
2754
2754
2754
2750
2750
2750
2750
2750
2756
2756
2756
2756
2756
2756
2749
2749
2749
2749
2749
2749
2749
2749
2749
2749
2754
2754
2754
2754
2754
2754
2760
2760
2760
2760
2760
2755
2755
2755
2755
2755
2751
2751
2751
2751
2751
2751
2760
2760
2760
2760
2760
2751
2751
2751
2751
2751
2744
2744
2744
2744
2744
2744
2748
2748
2748
2748
2748
2752
2752
2752
2752
2752
2741
2741
2741
2741
2741
2741
2745
2745
2745
2745
2745
2730
2730
2730
2730
2730
2739
2739
2739
2739
2739
2739
2738
2738
2738
2738
2738
2729
2729
2729
2729
2729
2727
2727
2727
2727
2727
2727
2725
2725
2725
2725
2725
2732
2732
2732
2732
2732
2734
2734
2734
2734
2734
2734
2732
2732
2732
2732
2732
2755
2755
2755
2755
2755
2751
2751
2751
2751
2751
2751
2751
2751
2751
2751
2751
2736
2736
2736
2736
2736
2733
2733
2733
2733
2733
2733
2726
2726
2726
2726
2726
2742
2742
2742
2742
2742
2728
2728
2728
2728
2728
2728
2740
2740
2740
2740
2740
2734
2734
2734
2734
2734
2744
2744
2744
2744
2744
2744
2739
2739
2739
2739
2739
2740
2740
2740
2740
2740
2727
2727
2727
2727
2727
2727
2745
2745
2745
2745
2745
2750
2750
2750
2750
2750
2744
2744
2744
2744
2744
2744
2736
2736
2736
2736
2736
2739
2739
2739
2739
2739
2747
2747
2747
2747
2747
2747
2740
2740
2740
2740
2740
2740
2740
2740
2740
2740
2726
2726
2726
2726
2726
2726
2732
2732
2732
2732
2732
2730
2730
2730
2730
2730
2738
2738
2738
2738
2738
2738
2717
2717
2717
2717
2717
2733
2733
2733
2733
2733
2727
2727
2727
2727
2727
2727
2734
2734
2734
2734
2734
2722
2722
2722
2722
2722
2714
2714
2714
2714
2714
2714
2730
2730
2730
2730
2730
2728
2728
2728
2728
2728
2734
2734
2734
2734
2734
2734
2723
2723
2723
2723
2723
2724
2724
2724
2724
2724
2728
2728
2728
2728
2728
2728
2728
2728
2728
2728
2728
2720
2720
2720
2720
2720
2711
2711
2711
2711
2711
2711
2719
2719
2719
2719
2719
2728
2728
2728
2728
2728
2731
2731
2731
2731
2731
2731
2756
2756
2756
2756
2756
2753
2753
2753
2753
2753
2752
2752
2752
2752
2752
2752
2754
2754
2754
2754
2754
2754
2754
2754
2754
2754
2756
2756
2756
2756
2756
2756
2737
2737
2737
2737
2737
2733
2733
2733
2733
2733
2720
2720
2720
2720
2720
2720
2724
2724
2724
2724
2724
2709
2709
2709
2709
2709
2703
2703
2703
2703
2703
2703
2694
2694
2694
2694
2694
2715
2715
2715
2715
2715
2713
2713
2713
2713
2713
2713
2705
2705
2705
2705
2705
2690
2690
2690
2690
2690
2699
2699
2699
2699
2699
2699
2689
2689
2689
2689
2689
2668
2668
2668
2668
2668
2675
2675
2675
2675
2675
2675
2681
2681
2681
2681
2681
2703
2703
2703
2703
2703
2706
2706
2706
2706
2706
2706
2720
2720
2720
2720
2720
2746
2746
2746
2746
2746
2748
2748
2748
2748
2748
2748
2756
2756
2756
2756
2756
2763
2763
2763
2763
2763
2751
2751
2751
2751
2751
2751
2750
2750
2750
2750
2750
2746
2746
2746
2746
2746
2711
2711
2711
2711
2711
2711
2702
2702
2702
2702
2702
2700
2700
2700
2700
2700
2700
2700
2700
2700
2700
2700
2699
2699
2699
2699
2699
2725
2725
2725
2725
2725
2739
2739