2762
2762
2783
2783
2783
2783
2783
2763
2763
2763
2763
2763
2740
2740
2740
2740
2740
2740
2761
2761
2761
2761
2761
2751
2751
2751
2751
2751
2749
2749
2749
2749
2749
2749
2783
2783
2783
2783
2783
2763
2763
2763
2763
2763
2761
2761
2761
2761
2761
2761
2746
2746
2746
2746
2746
2788
2788
2788
2788
2788
2788
2788
2788
2788
2788
2788
2724
2724
2724
2724
2724
2754
2754
2754
2754
2754
2793
2793
2793
2793
2793
2793
2736
2736
2736
2736
2736
2753
2753
2753
2753
2753
2770
2770
2770
2770
2770
2770
2743
2743
2743
2743
2743
2776
2776
2776
2776
2776
2782
2782
2782
2782
2782
2782
2775
2775
2775
2775
2775
2710
2710
2710
2710
2710
2828
2828
2828
2828
2828
2828
2729
2729
2729
2729
2729
2808
2808
2808
2808
2808
2705
2705
2705
2705
2705
2705
2746
2746
2746
2746
2746
2750
2750
2750
2750
2750
2794
2794
2794
2794
2794
2794
2765
2765
2765
2765
2765
2729
2729
2729
2729
2729
2795
2795
2795
2795
2795
2795
2751
2751
2751
2751
2751
2754
2754
2754
2754
2754
2781
2781
2781
2781
2781
2781
2800
2800
2800
2800
2800
2761
2761
2761
2761
2761
2790
2790
2790
2790
2790
2790
2771
2771
2771
2771
2771
2760
2760
2760
2760
2760
2801
2801
2801
2801
2801
2801
2736
2736
2736
2736
2736
2833
2833
2833
2833
2833
2739
2739
2739
2739
2739
2739
2757
2757
2757
2757
2757
2809
2809
2809
2809
2809
2744
2744
2744
2744
2744
2744
2792
2792
2792
2792
2792
2748
2748
2748
2748
2748
2781
2781
2781
2781
2781
2781
2793
2793
2793
2793
2793
2739
2739
2739
2739
2739
2764
2764
2764
2764
2764
2764
2791
2791
2791
2791
2791
2763
2763
2763
2763
2763
2794
2794
2794
2794
2794
2794
2757
2757
2757
2757
2757
2777
2777
2777
2777
2777
2757
2757
2757
2757
2757
2757
2789
2789
2789
2789
2789
2777
2777
2777
2777
2777
2770
2770
2770
2770
2770
2770
2751
2751
2751
2751
2751
2779
2779
2779
2779
2779
2775
2775
2775
2775
2775
2775
2804
2804
2804
2804
2804
2797
2797
2797
2797
2797
2787
2787
2787
2787
2787
2787
2785
2785
2785
2785
2785
2773
2773
2773
2773
2773
2791
2791
2791
2791
2791
2791
2763
2763
2763
2763
2763
2769
2769
2769
2769
2769
2813
2813
2813
2813
2813
2813
2757
2757
2757
2757
2757
2782
2782
2782
2782
2782
2781
2781
2781
2781
2781
2781
2783
2783
2783
2783
2783
2809
2809
2809
2809
2809
2825
2825
2825
2825
2825
2825
2786
2786
2786
2786
2786
2799
2799
2799
2799
2799
2808
2808
2808
2808
2808
2808
2816
2816
2816
2816
2816
2809
2809
2809
2809
2809
2785
2785
2785
2785
2785
2785
2789
2789
2789
2789
2789
2823
2823
2823
2823
2823
2805
2805
2805
2805
2805
2805
2781
2781
2781
2781
2781
2779
2779
2779
2779
2779
2792
2792
2792
2792
2792
2792
2804
2804
2804
2804
2804
2765
2765
2765
2765
2765
2809
2809
2809
2809
2809
2809
2825
2825
2825
2825
2825
2781
2781
2781
2781
2781
2804
2804
2804
2804
2804
2804
2783
2783
2783
2783
2783
2810
2810
2810
2810
2810
2831
2831
2831
2831
2831
2831
2826
2826
2826
2826
2826
2799
2799
2799
2799
2799
2819
2819
2819
2819
2819
2819
2832
2832
2832
2832
2832
2829
2829
2829
2829
2829
2843
2843
2843
2843
2843
2843
2798
2798
2798
2798
2798
2840
2840
2840
2840
2840
2824
2824
2824
2824
2824
2824
2817
2817
2817
2817
2817
2835
2835
2835
2835
2835
2817
2817
2817
2817
2817
2817
2844
2844
2844
2844
2844
2842
2842
2842
2842
2842
2835
2835
2835
2835
2835
2835
2792
2792
2792
2792
2792
2828
2828
2828
2828
2828
2842
2842
2842
2842
2842
2842
2838
2838
2838
2838
2838
2823
2823
2823
2823
2823
2827
2827
2827
2827
2827
2827
2843
2843
2843
2843
2843
2827
2827
2827
2827
2827
2819
2819
2819
2819
2819
2819
2841
2841
2841
2841
2841
2838
2838
2838
2838
2838
2823
2823
2823
2823
2823
2823
2849
2849
2849
2849
2849
2855
2855
2855
2855
2855
2859
2859
2859
2859
2859
2859
2853
2853
2853
2853
2853
2860
2860
2860
2860
2860
2858
2858
2858
2858
2858
2858
2860
2860
2860
2860
2860
2862
2862
2862
2862
2862
2857
2857
2857
2857
2857
2857
2840
2840
2840
2840
2840
2838
2838
2838
2838
2838
2847
2847
2847
2847
2847
2847
2856
2856
2856
2856
2856
2859
2859
2859
2859
2859
2843
2843
2843
2843
2843
2843
2872
2872
2872
2872
2872
2866
2866
2866
2866
2866
2858
2858
2858
2858
2858
2858
2866
2866
2866
2866
2866
2873
2873
2873
2873
2873
2845
2845
2845
2845
2845
2845
2857
2857
2857
2857
2857
2864
2864
2864
2864
2864
2867
2867
2867
2867
2867
2867
2855
2855
2855
2855
2855
2869
2869
2869
2869
2869
2850
2850
2850
2850
2850
2850
2875
2875
2875
2875
2875
2874
2874
2874
2874
2874
2874
2874
2874
2874
2874
2874
2860
2860
2860
2860
2860
2858
2858
2858
2858
2858
2892
2892
2892
2892
2892
2892
2885
2885
2885
2885
2885
2869
2869
2869
2869
2869
2887
2887
2887
2887
2887
2887
2878
2878
2878
2878
2878
2869
2869
2869
2869
2869
2885
2885
2885
2885
2885
2885
2890
2890
2890
2890
2890
2895
2895
2895
2895
2895
2878
2878
2878
2878
2878
2878
2878
2878
2878
2878
2878
2887
2887
2887
2887
2887
2883
2883
2883
2883
2883
2883
2886
2886
2886
2886
2886
2870
2870
2870
2870
2870
2894
2894
2894
2894
2894
2894
2902
2902
2902
2902
2902
2875
2875
2875
2875
2875
2883
2883
2883
2883
2883
2883
2887
2887
2887
2887
2887
2886
2886
2886
2886
2886
2896
2896
2896
2896
2896
2896
2896
2896
2896
2896
2896
2902
2902
2902
2902
2902
2903
2903
2903
2903
2903
2903
2887
2887
2887
2887
2887
2904
2904
2904
2904
2904
2888
2888
2888
2888
2888
2888
2889
2889
2889
2889
2889
2924
2924
2924
2924
2924
2902
2902
2902
2902
2902
2902
2889
2889
2889
2889
2889
2894
2894
2894
2894
2894
2910
2910
2910
2910
2910
2910
2914
2914
2914
2914
2914
2889
2889
2889
2889
2889
2885
2885
2885
2885
2885
2885
2899
2899
2899
2899
2899
2882
2882
2882
2882
2882
2885
2885
2885
2885
2885
2885
2881
2881
2881
2881
2881
2900
2900
2900
2900
2900
2906
2906
2906
2906
2906
2906
2932
2932
2932
2932
2932
2905
2905
2905
2905
2905
2916
2916
2916
2916
2916
2916
2906
2906
2906
2906
2906
2914
2914
2914
2914
2914
2889
2889
2889
2889
2889
2889
2887
2887
2887
2887
2887
2897
2897
2897
2897
2897
2887
2887
2887
2887
2887
2887
2922
2922
2922
2922
2922
2892
2892
2892
2892
2892
2898
2898
2898
2898
2898
2898
2897
2897
2897
2897
2897
2867
2867
2867
2867
2867
2904
2904
2904
2904
2904
2904
2890
2890
2890
2890
2890
2890
2890
2890
2890
2890
2892
2892
2892
2892
2892
2892
2873
2873
2873
2873
2873
2893
2893
2893
2893
2893
2872
2872
2872
2872
2872
2872
2897
2897
2897
2897
2897
2890
2890
2890
2890
2890
2890
2890
2890
2890
2890
2890
2890
2890
2890
2890
2890
2900
2900
2900
2900
2900
2889
2889
2889
2889
2889
2889
2868
2868
2868
2868
2868
2888
2888
2888
2888
2888
2876
2876
2876
2876
2876
2876
2898
2898
2898
2898
2898
2864
2864
2864
2864
2864
2890
2890
2890
2890
2890
2890
2901
2901
2901
2901
2901
2883
2883
2883
2883
2883
2878
2878
2878
2878
2878
2878
2888
2888
2888
2888
2888
2887
2887
2887
2887
2887
2892
2892
2892
2892
2892
2892
2884
2884
2884
2884
2884
2871
2871
2871
2871
2871
2872
2872
2872
2872
2872
2872
2885
2885
2885
2885
2885
2896
2896
2896
2896
2896
2869
2869
2869
2869
2869
2869
2904
2904
2904
2904
2904
2872
2872
2872
2872
2872
2872
2872
2872
2872
2872
2872
2877
2877
2877
2877
2877
2877
2877
2877
2877
2877
2910
2910
2910
2910
2910
2910
2900
2900
2900
2900
2900
2877
2877
2877
2877
2877
2893
2893
2893
2893
2893
2893
2882
2882
2882
2882
2882
2892
2892
2892
2892
2892
2869
2869
2869
2869
2869
2869
2889
2889
2889
2889
2889
2885
2885
2885
2885
2885
2884
2884
2884
2884
2884
2884
2884
2884
2884
2884
2884
2878
2878
2878
2878
2878
2891
2891
2891
2891
2891
2891
2866
2866
2866
2866
2866
2869
2869
2869
2869
2869
2873
2873
2873
2873
2873
2873
2856
2856
2856
2856
2856
2881
2881
2881
2881
2881
2877
2877
2877
2877
2877
2877
2861
2861
2861
2861
2861
2886
2886
2886
2886
2886
2862
2862
2862
2862
2862
2862
2898
2898
2898
2898
2898
2894
2894
2894
2894
2894
2861
2861
2861
2861
2861
2861
2884
2884
2884
2884
2884
2889
2889
2889
2889
2889
2902
2902
2902
2902
2902
2902
2863
2863
2863
2863
2863
2887
2887
2887
2887
2887
2870
2870
2870
2870
2870
2870
2888
2888
2888
2888
2888
2885
2885
2885
2885
2885
2880
2880
2880
2880
2880
2880
2861
2861
2861
2861
2861
2867
2867
2867
2867
2867
2862
2862
2862
2862
2862
2862
2877
2877
2877
2877
2877
2877
2877
2877
2877
2877
2881
2881
2881
2881
2881
2881
2889
2889
2889
2889
2889
2856
2856
2856
2856
2856
2863
2863
2863
2863
2863
2863
2857
2857
2857
2857
2857
2876
2876
2876
2876
2876
2849
2849
2849
2849
2849
2849
2892
2892
2892
2892
2892
2883
2883
2883
2883
2883
2867
2867
2867
2867
2867
2867
2895
2895
2895
2895
2895
2876
2876
2876
2876
2876
2862
2862
2862
2862
2862
2862
2857
2857
2857
2857
2857
2851
2851
2851
2851
2851
2850
2850
2850
2850
2850
2850
2848
2848
2848
2848
2848
2894
2894
2894
2894
2894
2865
2865
2865
2865
2865
2865
2859
2859
2859
2859
2859
2873
2873
2873
2873
2873
2889
2889
2889
2889
2889
2889
2869
2869
2869
2869
2869
2871
2871
2871
2871
2871
2882
2882
2882
2882
2882
2882
2890
2890
2890
2890
2890
2840
2840
2840
2840
2840
2835
2835
2835
2835
2835
2835
2854
2854
2854
2854
2854
2883
2883
2883
2883
2883
2915
2915
2915
2915
2915
2915
2871
2871
2871
2871
2871
2860
2860
2860
2860
2860
2865
2865
2865
2865
2865
2865
2886
2886
2886
2886
2886
2863
2863
2863
2863
2863
2843
2843
2843
2843
2843
2843
2860
2860
2860
2860
2860
2889
2889
2889
2889
2889
2895
2895
2895
2895
2895
2895
2877
2877
2877
2877
2877
2846
2846
2846
2846
2846
2837
2837
2837
2837
2837
2837
2826
2826
2826
2826
2826
2849
2849
2849
2849
2849
2850
2850
2850
2850
2850
2850
2866
2866
2866
2866
2866
2838
2838
2838
2838
2838
2860
2860
2860
2860
2860
2860
2857
2857
2857
2857
2857
2828
2828
2828
2828
2828
2818
2818
2818
2818
2818
2818
2859
2859
2859
2859
2859
2879
2879
2879
2879
2879
2885
2885
2885
2885
2885
2885
2883
2883
2883
2883
2883
2868
2868
2868
2868
2868
2852
2852
2852
2852
2852
2852
2868
2868
2868
2868
2868
2862
2862
2862
2862
2862
2837
2837
2837
2837
2837
2837
2859
2859
2859
2859
2859
2868
2868
2868
2868
2868
2881
2881
2881
2881
2881
2881
2837
2837
2837
2837
2837
2879
2879
2879
2879
2879
2878
2878
2878
2878
2878
2878
2886
2886
2886
2886
2886
2845
2845
2845
2845
2845
2846
2846
2846
2846
2846
2846
2857
2857
2857
2857
2857
2899
2899
2899
2899
2899
2886
2886
2886
2886
2886
2886
2820
2820
2820
2820
2820
2876
2876
2876
2876
2876
2867
2867
2867
2867
2867
2867
2854
2854
2854
2854
2854
2858
2858
2858
2858
2858
2863
2863
2863
2863
2863
2863
2881
2881
2881
2881
2881
2841
2841
2841
2841
2841
2862
2862
2862
2862
2862
2862
2850
2850
2850
2850
2850
2845
2845
2845
2845
2845
2812
2812
2812
2812
2812
2812
2858
2858
2858
2858
2858
2856
2856
2856
2856
2856
2845
2845
2845
2845
2845
2845
2826
2826
2826
2826
2826
2893
2893
2893
2893
2893
2840
2840
2840
2840
2840
2840
2890
2890
2890
2890
2890
2860
2860
2860
2860
2860
2849
2849
2849
2849
2849
2849
2855
2855
2855
2855
2855
2854
2854
2854
2854
2854
2825
2825
2825
2825
2825
2825
2870
2870
2870
2870
2870
2861
2861
2861
2861
2861
2870
2870
2870
2870
2870
2870
2862
2862
2862
2862
2862
2859
2859
2859
2859
2859
2849
2849
2849
2849
2849
2849
2896
2896
2896
2896
2896
2857
2857
2857
2857
2857
2857
2857
2857
2857
2857
2857
2863
2863
2863
2863
2863
2850
2850
2850
2850
2850
2839
2839
2839
2839
2839
2839
2877
2877
2877
2877
2877
2862
2862
2862
2862
2862
2874
2874
2874
2874
2874
2874
2852
2852
2852
2852
2852
2883
2883
2883
2883
2883
2872
2872
2872
2872
2872
2872
2904
2904
2904
2904
2904
2856
2856
2856
2856
2856
2900
2900
2900
2900
2900
2900
2874
2874
2874
2874
2874
2847
2847
2847
2847
2847
2851
2851
2851
2851
2851
2851
2810
2810
2810
2810
2810
2835
2835
2835
2835
2835
2859
2859
2859
2859
2859
2859
2838
2838
2838
2838
2838
2847
2847
2847
2847
2847
2861
2861
2861
2861
2861
2861
2848
2848
2848
2848
2848
2866
2866
2866
2866
2866
2843
2843
2843
2843
2843
2843
2810
2810
2810
2810
2810
2827
2827
2827
2827
2827
2768
2768
2768
2768
2768
2768
2791
2791
2791
2791
2791
2797
2797
2797
2797
2797
2778
2778
2778
2778
2778
2778
2809
2809
2809
2809
2809
2838
2838
2838
2838
2838
2857
2857
2857
2857
2857
2857
2841
2841
2841
2841
2841
2862
2862
2862
2862
2862
2859
2859
2859
2859
2859
2859
2881
2881
2881
2881
2881
2820
2820
2820
2820
2820
2872
2872
2872
2872
2872
2872
2800
2800
2800
2800
2800
2802
2802
2802
2802
2802
2797
2797
2797
2797
2797
2797
2813
2813
2813
2813
2813
2807
2807
2807
2807
2807
2858
2858
2858
2858
2858
2858
2887
2887
2887
2887
2887
2878
2878
2878
2878
2878
2892
2892
2892
2892
2892
2892
2773
2773
2773
2773
2773
2623
2623
2623
2623
2623
2509
2509
2509
2509
2509
2509
2389
2389
2389
2389
2389
2322
2322
2322
2322
2322
2336
2336
2336
2336
2336
2336
2440
2440
2440
2440
2440
2695
2695
2695
2695
2695
2967
2967
2967
2967
2967
2967
3314
3314
3314
3314
3314
3625
3625
3625
3625
3625
3847
3847
3847
3847
3847
3847
3904
3904
3904
3904
3904
3863
3863
3863
3863
3863
3662
3662
3662
3662
3662
3662
3441
3441
3441
3441
3441
3065
3065
3065
3065
3065
2750
2750
2750
2750
2750
2750
2486
2486
2486
2486
2486
2391
2391
2391
2391
2391
2288
2288
2288
2288
2288
2288
2328
2328
2328
2328
2328
2341
2341
2341
2341
2341
2408
2408
2408
2408
2408
2408
2492
2492
2492
2492
2492
2519
2519
2519
2519
2519
2527
2527
2527
2527
2527
2527
2539
2539
2539
2539
2539
2496
2496
2496
2496
2496
2470
2470
2470
2470
2470
2470
2557
2557
2557
2557
2557
2585
2585
2585
2585
2585
2736
2736
2736
2736
2736
2736
2841
2841
2841
2841
2841
3007
3007
3007
3007
3007
3136
3136
3136
3136
3136
3136
3245
3245
3245
3245
3245
3377
3377
3377
3377
3377
3462
3462
3462
3462
3462
3462
3562
3562
3562
3562
3562
3540
3540
3540
3540
3540
3464
3464
3464
3464
3464
3464
3468
3468
3468
3468
3468
3305
3305
3305
3305
3305
3198
3198
3198
3198
3198
3198
3099
3099
3099
3099
3099
2953
2953
2953
2953
2953
2878
2878
2878
2878
2878
2878
2797
2797
2797
2797
2797
2764
2764
2764
2764
2764
2777
2777
2777
2777
2777
2777
2762
2762
2762
2762
2762
2755
2755
2755
2755
2755
2724
2724
2724
2724
2724
2724
2702
2702
2702
2702
2702
2651
2651
2651
2651
2651
2640
2640
2640
2640
2640
2640
2570
2570
2570
2570
2570
2591
2591
2591
2591
2591
2555
2555
2555
2555
2555
2555
2539
2539
2539
2539
2539
2595
2595
2595
2595
2595
2605
2605
2605
2605
2605
2605
2671
2671
2671
2671
2671
2668
2668
2668
2668
2668
2684
2684
2684
2684
2684
2684
2747
2747
2747
2747
2747
2793
2793
2793
2793
2793
2843
2843
2843
2843
2843
2843
2841
2841
2841
2841
2841
2888
2888
2888
2888
2888
2940
2940
2940
2940
2940
2940
2912
2912
2912
2912
2912
2942
2942
2942
2942
2942
2888
2888
2888
2888
2888
2888
2889
2889
2889
2889
2889
2921
2921
2921
2921
2921
2868
2868
2868
2868
2868
2868
2888
2888
2888
2888
2888
2940
2940
2940
2940
2940
2953
2953
2953
2953
2953
2953
2994
2994
2994
2994
2994
3072
3072
3072
3072
3072
3077
3077
3077
3077
3077
3077
3115
3115
3115
3115
3115
3083
3083
3083
3083
3083
3068
3068
3068
3068
3068
3068
2976
2976
2976
2976
2976
2910
2910
2910
2910
2910
2821
2821
2821
2821
2821
2821
2741
2741
2741
2741
2741
2665
2665
2665
2665
2665
2610
2610
2610
2610
2610
2610
2596
2596
2596
2596
2596
2560
2560
2560
2560
2560
2543
2543
2543
2543
2543
2543
2614
2614
2614
2614
2614
2640
2640
2640
2640
2640
2726
2726
2726
2726
2726
2726
2722
2722
2722
2722
2722
2746
2746
2746
2746
2746
2749
2749
2749
2749
2749
2749
2789
2789
2789
2789
2789
2794
2794
2794
2794
2794
2821
2821
2821
2821
2821
2821
2846
2846
2846
2846
2846
2863
2863
2863
2863
2863
2906
2906
2906
2906
2906
2906
2853
2853
2853
2853
2853
2958
2958
2958
2958
2958
2947
2947
2947
2947
2947
2947
2996
2996
2996
2996
2996
3014
3014
3014
3014
3014
3029
3029
3029
3029
3029
3029
3030
3030
3030
3030
3030
3081
3081
3081
3081
3081
3036
3036
3036
3036
3036
3036
3034
3034
3034
3034
3034
3008
3008
3008
3008
3008
2952
2952
2952
2952
2952
2952
2913
2913
2913
2913
2913
2832
2832
2832
2832
2832
2785
2785
2785
2785
2785
2785
2766
2766
2766
2766
2766
2776
2776
2776
2776
2776
2746
2746
2746
2746
2746
2746
2692
2692
2692
2692
2692
2747
2747
2747
2747
2747
2693
2693
2693
2693
2693
2693
2711
2711
2711
2711
2711
2676
2676
2676
2676
2676
2702
2702
2702
2702
2702
2702
2730
2730
2730
2730
2730
2811
2811
2811
2811
2811
2821
2821
2821
2821
2821
2821
2875
2875
2875
2875
2875
2837
2837
2837
2837
2837
2872
2872
2872
2872
2872
2872
2885
2885
2885
2885
2885
2887
2887
2887
2887
2887
2862
2862
2862
2862
2862
2862
2839
2839
2839
2839
2839
2845
2845
2845
2845
2845
2843
2843
2843
2843
2843
2843
2840
2840
2840
2840
2840
2831
2831
2831
2831
2831
2835
2835
2835
2835
2835
2835
2872
2872
2872
2872
2872
2891
2891
2891
2891
2891
2921
2921
2921
2921
2921
2921
2872
2872
2872
2872
2872
2895
2895
2895
2895
2895
2922
2922
2922
2922
2922
2922
2907
2907
2907
2907
2907
2879
2879
2879
2879
2879
2881
2881
2881
2881
2881
2881
2879
2879
2879
2879
2879
2859
2859
2859
2859
2859
2870
2870
2870
2870
2870
2870
2864
2864
2864
2864
2864
2847
2847
2847
2847
2847
2867
2867
2867
2867
2867
2867
2850
2850
2850
2850
2850
2828
2828
2828
2828
2828
2812
2812
2812
2812
2812
2812
2713
2713
2713
2713
2713
2662
2662
2662
2662
2662
2619
2619
2619
2619
2619
2619
2597
2597
2597
2597
2597
2573
2573
2573
2573
2573
2667
2667
2667
2667
2667
2667
2726
2726
2726
2726
2726
2840
2840
2840
2840
2840
2922
2922
2922
2922
2922
2922
3005
3005
3005
3005
3005
3048
3048
3048
3048
3048
3038
3038
3038
3038
3038
3038
2936
2936
2936
2936
2936
2859
2859
2859
2859
2859
2769
2769
2769
2769
2769
2769
2592
2592
2592
2592
2592
2493
2493
2493
2493
2493
2423
2423
2423
2423
2423
2423
2432
2432
2432
2432
2432
2441
2441
2441
2441
2441
2494
2494
2494
2494
2494
2494
2600
2600
2600
2600
2600
2731
2731
2731
2731
2731
2817
2817
2817
2817
2817
2817
2908
2908
2908
2908
2908
2996
2996
2996
2996
2996
3027
3027
3027
3027
3027
3027
3069
3069
3069
3069
3069
3016
3016
3016
3016
3016
3001
3001
3001
3001
3001
3001
2975
2975
2975
2975
2975
2980
2980
2980
2980
2980
2985
2985
2985
2985
2985
2985
2962
2962
2962
2962
2962
2960
2960
2960
2960
2960
2971
2971
2971
2971
2971
2971
2963
2963
2963
2963
2963
2919
2919
2919
2919
2919
2894
2894
2894
2894
2894
2894
2854
2854
2854
2854
2854
2772
2772
2772
2772
2772
2727
2727
2727
2727
2727
2727
2696
2696
2696
2696
2696
2611
2611
2611
2611
2611
2580
2580
2580
2580
2580
2580
2561
2561
2561
2561
2561
2551
2551
2551
2551
2551
2566
2566
2566
2566
2566
2566
2578
2578
2578
2578
2578
2616
2616
2616
2616
2616
2668
2668
2668
2668
2668
2668
2696
2696
2696
2696
2696
2786
2786
2786
2786
2786
2829
2829
2829
2829
2829
2829
2890
2890
2890
2890
2890
2891
2891
2891
2891
2891
2910
2910
2910
2910
2910
2910
2913
2913
2913
2913
2913
2946
2946
2946
2946
2946
2922
2922
2922
2922
2922
2922
2935
2935
2935
2935
2935
2919
2919
2919
2919
2919
2997
2997
2997
2997
2997
2997
2971
2971
2971
2971
2971
3015
3015
3015
3015
3015
3063
3063
3063
3063
3063
3063
3048
3048
3048
3048
3048
3027
3027
3027
3027
3027
2989
2989
2989
2989
2989
2989
2943
2943
2943
2943
2943
2949
2949
2949
2949
2949
2896
2896
2896
2896
2896
2896
2838
2838
2838
2838
2838
2790
2790
2790
2790
2790
2800
2800
2800
2800
2800
2800
2762
2762
2762
2762
2762
2747
2747
2747
2747
2747
2745
2745
2745
2745
2745
2745
2739
2739
2739
2739
2739
2741
2741
2741
2741
2741
2697
2697
2697
2697
2697
2697
2689
2689
2689
2689
2689
2690
2690
2690
2690
2690
2682
2682
2682
2682
2682
2682
2675
2675
2675
2675
2675
2665
2665
2665
2665
2665
2664
2664
2664
2664
2664
2664
2709
2709
2709
2709
2709
2702
2702
2702
2702
2702
2670
2670
2670
2670
2670
2670
2704
2704
2704
2704
2704
2736
2736
2736
2736
2736
2755
2755
2755
2755
2755
2755
2766
2766
2766
2766
2766
2779
2779
2779
2779
2779
2830
2830
2830
2830
2830
2830
2872
2872
2872
2872
2872
2873
2873
2873
2873
2873
2896
2896
2896
2896
2896
2896
2929
2929
2929
2929
2929
2914
2914
2914
2914
2914
2934
2934
2934
2934
2934
2934
2918
2918
2918
2918
2918
2879
2879
2879
2879
2879
2832
2832
2832
2832
2832
2832
2884
2884
2884
2884
2884
2850
2850
2850
2850
2850
2841
2841
2841
2841
2841
2841
2877
2877
2877
2877
2877
2847
2847
2847
2847
2847
2859
2859
2859
2859
2859
2859
2804
2804
2804
2804
2804
2819
2819
2819
2819
2819
2855
2855
2855
2855
2855
2855
2806
2806
2806
2806
2806
2829
2829
2829
2829
2829
2809
2809
2809
2809
2809
2809
2784
2784
2784
2784
2784
2867
2867
2867
2867
2867
2801
2801
2801
2801
2801
2801
2768
2768
2768
2768
2768
2802
2802
2802
2802
2802
2775
2775
2775
2775
2775
2775
2788
2788
2788
2788
2788
2773
2773
2773
2773
2773
2785
2785
2785
2785
2785
2785
2790
2790
2790
2790
2790
2826
2826
2826
2826
2826
2845
2845
2845
2845
2845
2845
2890
2890
2890
2890
2890
2922
2922
2922
2922
2922
2952
2952
2952
2952
2952
2952
2898
2898
2898
2898
2898
2932
2932
2932
2932
2932
2936
2936
2936
2936
2936
2936
2874
2874
2874
2874
2874
2850
2850
2850
2850
2850
2823
2823
2823
2823
2823
2823
2864
2864
2864
2864
2864
2875
2875
2875
2875
2875
2874
2874
2874
2874
2874
2874
2877
2877
2877
2877
2877
2865
2865
2865
2865
2865
2857
2857
2857
2857
2857
2857
2860
2860
2860
2860
2860
2817
2817
2817
2817
2817
2801
2801
2801
2801
2801
2801
2751
2751
2751
2751
2751
2781
2781
2781
2781
2781
2761
2761
2761
2761
2761
2761
2826
2826
2826
2826
2826
2826
2826
2826
2826
2826
2810
2810
2810
2810
2810
2810
2830
2830
2830
2830
2830
2796
2796
2796
2796
2796
2832
2832
2832
2832
2832
2832
2808
2808
2808
2808
2808
2778
2778
2778
2778
2778
2797
2797
2797
2797
2797
2797
2778
2778
2778
2778
2778
2757
2757
2757
2757
2757
2782
2782
2782
2782
2782
2782
2784
2784
2784
2784
2784
2831
2831
2831
2831
2831
2820
2820
2820
2820
2820
2820
2871
2871
2871
2871
2871
2861
2861
2861
2861
2861
2914
2914
2914
2914
2914
2914
2939
2939
2939
2939
2939
2917
2917
2917
2917
2917
2860
2860
2860
2860
2860
2860
2893
2893
2893
2893
2893
2860
2860
2860
2860
2860
2848
2848
2848
2848
2848
2848
2858
2858
2858
2858
2858
2845
2845
2845
2845
2845
2874
2874
2874
2874
2874
2874
2843
2843
2843
2843
2843
2862
2862
2862
2862
2862
2886
2886
2886
2886
2886
2886
2846
2846
2846
2846
2846
2867
2867
2867
2867
2867
2838
2838
2838
2838
2838
2838
2786
2786
2786
2786
2786
2805
2805
2805
2805
2805
2800
2800
2800
2800
2800
2800
2777
2777
2777
2777
2777
2745
2745
2745
2745
2745
2761
2761
2761
2761
2761
2761
2787
2787
2787
2787
2787
2774
2774
2774
2774
2774
2731
2731
2731
2731
2731
2731
2791
2791
2791
2791
2791
2813
2813
2813
2813
2813
2806
2806
2806
2806
2806
2806
2809
2809
2809
2809
2809
2792
2792
2792
2792
2792
2819
2819
2819
2819
2819
2819
2780
2780
2780
2780
2780
2770
2770
2770
2770
2770
2807
2807
2807
2807
2807
2807
2839
2839
2839
2839
2839
2819
2819
2819
2819
2819
2887
2887
2887
2887
2887
2887
2889
2889
2889
2889
2889
2894
2894
2894
2894
2894
2954
2954
2954
2954
2954
2954
2891
2891
2891
2891
2891
2885
2885
2885
2885
2885
2920
2920
2920
2920
2920
2920
2870
2870
2870
2870
2870
2888
2888
2888
2888
2888
2876
2876
2876
2876
2876
2876
2887
2887
2887
2887
2887
2913
2913
2913
2913
2913
2855
2855
2855
2855
2855
2855
2909
2909
2909
2909
2909
2883
2883
2883
2883
2883
2839
2839
2839
2839
2839
2839
2843
2843
2843
2843
2843
2790
2790
2790
2790
2790
2810
2810
2810
2810
2810
2810
2807
2807
2807
2807
2807
2766
2766
2766
2766
2766
2774
2774
2774
2774
2774
2774
2725
2725
2725
2725
2725
2761
2761
2761
2761
2761
2775
2775
2775
2775
2775
2775
2806
2806
2806
2806
2806
2791
2791
2791
2791
2791
2805
2805
2805
2805
2805
2805
2772
2772
2772
2772
2772
2831
2831
2831
2831
2831
2817
2817
2817
2817
2817
2817
2806
2806
2806
2806
2806
2877
2877
2877
2877
2877
2852
2852
2852
2852
2852
2852
2903
2903
2903
2903
2903
2886
2886
2886
2886
2886
2888
2888
2888
2888
2888
2888
2899
2899
2899
2899
2899
2867
2867
2867
2867
2867
2898
2898
2898
2898
2898
2898
2923
2923
2923
2923
2923
2876
2876
2876
2876
2876
2871
2871
2871
2871
2871
2871
2809
2809
2809
2809
2809
2891
2891
2891
2891
2891
2842
2842
2842
2842
2842
2842
2815
2815
2815
2815
2815
2828
2828
2828
2828
2828
2797
2797
2797
2797
2797
2797
2834
2834
2834
2834
2834
2862
2862
2862
2862
2862
2791
2791
2791
2791
2791
2791
2817
2817
2817
2817
2817
2790
2790
2790
2790
2790
2799
2799
2799
2799
2799
2799
2791
2791
2791
2791
2791
2764
2764
2764
2764
2764
2812
2812
2812
2812
2812
2812
2762
2762
2762
2762
2762
2743
2743
2743
2743
2743
2777
2777
2777
2777
2777
2777
2760
2760
2760
2760
2760
2751
2751
2751
2751
2751
2797
2797
2797
2797
2797
2797
2762
2762
2762
2762
2762
2813
2813
2813
2813
2813
2793
2793
2793
2793
2793
2793
2825
2825
2825
2825
2825
2866
2866
2866
2866
2866
2862
2862
2862
2862
2862
2862
2848
2848
2848
2848
2848
2898
2898
2898
2898
2898
2873
2873
2873
2873
2873
2873
2895
2895
2895
2895
2895
2872
2872
2872
2872
2872
2840
2840
2840
2840
2840
2840
2892
2892
2892
2892
2892
2818
2818
2818
2818
2818
2842
2842
2842
2842
2842
2842
2848
2848
2848
2848
2848
2820
2820
2820
2820
2820
2804
2804
2804
2804
2804
2804
2823
2823
2823
2823
2823
2825
2825
2825
2825
2825
2823
2823
2823
2823
2823
2823
2832
2832
2832
2832
2832
2848
2848
2848
2848
2848
2863
2863
2863
2863
2863
2863
2831
2831
2831
2831
2831
2782
2782
2782
2782
2782
2784
2784
2784
2784
2784
2784
2735
2735
2735
2735
2735
2765
2765
2765
2765
2765
2732
2732
2732
2732
2732
2732
2722
2722
2722
2722
2722
2726
2726
2726
2726
2726
2784
2784
2784
2784
2784
2784
2757
2757
2757
2757
2757
2829
2829
2829
2829
2829
2850
2850
2850
2850
2850
2850
2840
2840
2840
2840
2840
2856
2856
2856
2856
2856
2843
2843
2843
2843
2843
2843
2839
2839
2839
2839
2839
2862
2862
2862
2862
2862
2884
2884
2884
2884
2884
2884
2867
2867
2867
2867
2867
2870
2870
2870
2870
2870
2842
2842
2842
2842
2842
2842
2856
2856
2856
2856
2856
2859
2859
2859
2859
2859
2862
2862
2862
2862
2862
2862
2863
2863
2863
2863
2863
2870
2870
2870
2870
2870
2891
2891
2891
2891
2891
2891
2878
2878
2878
2878
2878
2839
2839
2839
2839
2839
2833
2833
2833
2833
2833
2833
2776
2776
2776
2776
2776
2848
2848
2848
2848
2848
2831
2831
2831
2831
2831
2831
2843
2843
2843
2843
2843